100
4
10 5 15 5
2
100 100
8
81 81 81 81 81 81 81 0
6
23 90 40 0 100 9
2
0 0
10
100 0 100 0 100 0 100 0 100 0
10
100 100 100 100 100 100 100 100 100 0
5
92 14 95 0 19
6
68 8 21 32 16 81
7
76 79 71 97 57 75 43
8
82 3 32 71 56 2 0 94
9
92 32 61 55 25 48 63 89 45
10
61 73 43 6 76 11 9 25 35 74
10
68 16 51 55 58 84 34 21 45 97
10
15 90 24 4 98 1 68 1 89 63
10
34 99 87 51 10 92 76 37 62 17
10
20 25 38 18 86 44 85 62 27 90
10
14 31 52 57 23 48 69 9 77 90
10
94 75 39 61 99 53 9 38 15 38
10
33 36 62 1 63 89 31 29 26 25
10
68 77 59 84 23 28 46 69 30 5
10
0 75 43 39 16 32 8 84 18 99
10
24 24 73 98 26 51 23 25 8 28
10
36 70 62 94 37 49 72 79 31 13
10
6 64 82 64 95 95 60 15 53 74
10
68 83 8 10 77 83 43 99 36 47
10
50 51 62 44 13 57 55 30 42 65
10
89 36 60 66 44 1 6 60 0 92
10
15 3 34 30 53 78 23 26 35 40
10
72 78 75 67 62 78 61 55 90 57
10
9 51 23 96 69 74 35 17 33 84
10
45 37 2 49 19 76 27 69 14 37
10
17 76 65 77 10 38 33 65 53 67
10
73 12 69 98 8 50 69 60 11 0
10
85 21 18 5 14 9 82 3 90 22
10
73 59 15 37 66 45 80 10 6 54
10
26 90 44 46 39 91 10 2 93 20
10
90 55 9 78 13 76 65 42 57 82
10
86 48 46 46 96 59 69 25 4 80
10
70 34 50 43 33 64 69 3 71 93
10
11 90 70 49 89 83 59 44 17 30
10
69 0 23 43 16 87 91 99 74 29
10
96 9 29 98 19 88 40 12 1 20
10
77 45 99 14 48 46 53 44 76 52
10
71 11 69 14 77 86 32 73 77 88
10
32 47 76 25 11 66 53 16 40 21
10
37 96 13 4 22 92 11 73 92 4
10
31 17 40 92 12 64 82 29 89 18
10
98 98 1 69 0 5 11 78 27 63
10
95 71 74 42 44 92 39 37 77 75
10
31 54 71 94 14 68 99 33 71 92
10
81 4 19 76 51 40 24 35 30 12
10
79 85 6 85 43 40 90 24 62 45
10
46 84 45 49 30 7 56 44 81 27
10
53 37 35 59 67 66 6 90 99 99
10
43 56 94 94 83 8 1 64 72 29
10
0 13 11 22 4 49 89 68 27 41
10
35 73 56 8 50 97 51 71 70 12
10
28 50 11 83 95 68 32 29 50 45
10
56 54 68 65 62 61 54 33 83 41
10
80 67 1 4 22 4 59 57 24 69
10
33 44 46 83 67 63 78 63 12 6
10
9 54 33 28 61 33 74 16 93 2
10
67 45 61 31 52 33 45 20 66 59
10
15 14 19 83 38 60 15 96 66 66
10
77 73 57 83 57 48 6 45 77 69
10
50 76 96 23 89 43 56 35 99 5
10
16 29 99 39 52 83 60 76 91 60
10
93 17 51 81 31 24 12 80 10 23
10
37 71 21 10 57 29 18 88 97 62
10
44 17 1 54 76 22 64 58 73 49
10
27 31 36 94 19 23 14 72 30 65
10
87 32 14 81 62 18 70 24 92 96
10
75 69 33 98 22 1 79 91 60 63
10
29 2 89 66 91 85 41 79 54 58
10
86 87 19 19 0 42 84 87 4 98
10
82 38 56 72 61 37 12 17 17 77
10
7 15 20 17 68 98 36 81 99 4
10
42 47 41 50 13 48 18 97 68 15
10
96 82 65 40 24 73 76 76 77 4
10
26 26 87 77 66 72 26 50 37 15
10
28 4 56 99 59 66 64 20 42 50
10
81 67 83 51 41 12 45 7 33 75
10
14 50 80 76 91 72 2 93 71 4
10
62 17 42 59 5 88 73 56 62 33
10
87 66 7 89 66 64 57 16 3 40
10
39 80 28 0 6 5 13 65 13 69
10
29 49 98 36 50 43 69 11 92 20
10
75 20 22 40 5 99 28 82 66 65
10
46 18 37 85 80 20 69 34 11 50
10
35 8 80 80 53 51 41 14 84 68
10
68 87 85 3 31 4 20 84 49 70
10
98 38 42 57 42 72 20 74 77 24
10
74 88 59 36 41 2 91 63 56 77
10
85 59 7 37 42 63 40 90 56 30
10
34 6 69 28 73 42 55 56 84 79
10
17 77 20 17 34 80 65 83 71 15
10
86 36 5 6 20 47 26 67 78 26
10
36 39 26 44 26 94 29 6 72 12
10
18 27 24 56 9 70 13 84 4 73
