100000000000000000000000000001
100000000000001100000000000001
100000000000010010000000000001
100000000000011110000000000001
100000000000100001000000000001
100000000000101101000000000001
100000000000110011000000000001
100000000000111111000000000001
100000000001000000100000000001
100000000001001100100000000001
100000000001010010100000000001
100000000001011110100000000001
100000000001100001100000000001
100000000001101101100000000001
100000000001110011100000000001
100000000010000000010000000001
100000000010001100010000000001
100000000010010010010000000001
100000000010011110010000000001
100000000010100001010000000001
100000000010101101010000000001
100000000010110011010000000001
100000000011000000110000000001
100000000011001100110000000001
100000000011010010110000000001
100000000011100001110000000001
100000000100000000001000000001
100000000100001100001000000001
100000000100010010001000000001
100000000100011110001000000001
100000000100100001001000000001
100000000100101101001000000001
100000000100110011001000000001
100000000101000000101000000001
100000000101001100101000000001
100000000101010010101000000001
100000000101100001101000000001
100000000110000000011000000001
100000000110001100011000000001
100000000110010010011000000001
100000000110100001011000000001
100000000111000000111000000001
100000001000000000000100000001
100000001000001100000100000001
100000001000010010000100000001
100000001000011110000100000001
100000001000100001000100000001
100000001000101101000100000001
100000001000110011000100000001
100000001001000000100100000001
100000001001001100100100000001
100000001001010010100100000001
100000001001100001100100000001
100000001010000000010100000001
100000001010001100010100000001
100000001010010010010100000001
100000001010100001010100000001
100000001011000000110100000001
100000001100000000001100000001
100000001100001100001100000001
100000001100010010001100000001
100000001100100001001100000001
100000001101000000101100000001
100000001110000000011100000001
100000010000000000000010000001
100000010000001100000010000001
100000010000010010000010000001
100000010000011110000010000001
100000010000100001000010000001
100000010000101101000010000001
100000010000110011000010000001
100000010001000000100010000001
100000010001001100100010000001
100000010001010010100010000001
100000010001100001100010000001
100000010010000000010010000001
100000010010001100010010000001
100000010010010010010010000001
100000010010100001010010000001
100000010011000000110010000001
100000010100000000001010000001
100000010100001100001010000001
100000010100010010001010000001
100000010100100001001010000001
100000010101000000101010000001
100000010110000000011010000001
100000011000000000000110000001
100000011000001100000110000001
100000011000010010000110000001
100000011000100001000110000001
100000011001000000100110000001
100000011010000000010110000001
100000011100000000001110000001
100000100000000000000001000001
100000100000001100000001000001
100000100000010010000001000001
100000100000011110000001000001
100000100000100001000001000001
100000100000101101000001000001
100000100000110011000001000001
100000100001000000100001000001
100000100001001100100001000001
100000100001010010100001000001
100000100001100001100001000001
100000100010000000010001000001
100000100010001100010001000001
100000100010010010010001000001
100000100010100001010001000001
100000100011000000110001000001
100000100100000000001001000001
100000100100001100001001000001
100000100100010010001001000001
100000100100100001001001000001
100000100101000000101001000001
100000100110000000011001000001
100000101000000000000101000001
100000101000001100000101000001
100000101000010010000101000001
100000101000100001000101000001
100000101001000000100101000001
100000101010000000010101000001
100000101100000000001101000001
100000110000000000000011000001
100000110000001100000011000001
100000110000010010000011000001
100000110000100001000011000001
100000110001000000100011000001
100000110010000000010011000001
100000110100000000001011000001
100000111000000000000111000001
100001000000000000000000100001
100001000000001100000000100001
100001000000010010000000100001
100001000000011110000000100001
100001000000100001000000100001
100001000000101101000000100001
100001000000110011000000100001
100001000001000000100000100001
100001000001001100100000100001
100001000001010010100000100001
100001000001100001100000100001
100001000010000000010000100001
100001000010001100010000100001
100001000010010010010000100001
100001000010100001010000100001
100001000011000000110000100001
100001000100000000001000100001
100001000100001100001000100001
100001000100010010001000100001
100001000100100001001000100001
100001000101000000101000100001
100001000110000000011000100001
100001001000000000000100100001
100001001000001100000100100001
100001001000010010000100100001
100001001000100001000100100001
100001001001000000100100100001
100001001010000000010100100001
100001001100000000001100100001
100001010000000000000010100001
100001010000001100000010100001
100001010000010010000010100001
100001010000100001000010100001
100001010001000000100010100001
100001010010000000010010100001
100001010100000000001010100001
100001011000000000000110100001
100001100000000000000001100001
100001100000001100000001100001
100001100000010010000001100001
100001100000100001000001100001
100001100001000000100001100001
100001100010000000010001100001
100001100100000000001001100001
100001101000000000000101100001
100001110000000000000011100001
100010000000000000000000010001
100010000000001100000000010001
100010000000010010000000010001
100010000000011110000000010001
100010000000100001000000010001
100010000000101101000000010001
100010000000110011000000010001
100010000001000000100000010001
100010000001001100100000010001
100010000001010010100000010001
100010000001100001100000010001
100010000010000000010000010001
100010000010001100010000010001
100010000010010010010000010001
100010000010100001010000010001
100010000011000000110000010001
100010000100000000001000010001
100010000100001100001000010001
100010000100010010001000010001
100010000100100001001000010001
100010000101000000101000010001
100010000110000000011000010001
100010001000000000000100010001
100010001000001100000100010001
100010001000010010000100010001
100010001000100001000100010001
100010001001000000100100010001
100010001010000000010100010001
100010001100000000001100010001
100010010000000000000010010001
100010010000001100000010010001
100010010000010010000010010001
100010010000100001000010010001
100010010001000000100010010001
100010010010000000010010010001
100010010100000000001010010001
100010011000000000000110010001
100010100000000000000001010001
100010100000001100000001010001
100010100000010010000001010001
100010100000100001000001010001
100010100001000000100001010001
100010100010000000010001010001
100010100100000000001001010001
100010101000000000000101010001
100010110000000000000011010001
100011000000000000000000110001
100011000000001100000000110001
100011000000010010000000110001
100011000000100001000000110001
100011000001000000100000110001
100011000010000000010000110001
100011000100000000001000110001
100011001000000000000100110001
100011010000000000000010110001
100011100000000000000001110001
100100000000000000000000001001
100100000000001100000000001001
100100000000010010000000001001
100100000000011110000000001001
100100000000100001000000001001
100100000000101101000000001001
100100000000110011000000001001
100100000001000000100000001001
100100000001001100100000001001
100100000001010010100000001001
100100000001100001100000001001
100100000010000000010000001001
100100000010001100010000001001
100100000010010010010000001001
100100000010100001010000001001
100100000011000000110000001001
100100000100000000001000001001
100100000100001100001000001001
100100000100010010001000001001
100100000100100001001000001001
100100000101000000101000001001
100100000110000000011000001001
100100001000000000000100001001
100100001000001100000100001001
100100001000010010000100001001
100100001000100001000100001001
100100001001000000100100001001
100100001010000000010100001001
100100001100000000001100001001
100100010000000000000010001001
100100010000001100000010001001
100100010000010010000010001001
100100010000100001000010001001
100100010001000000100010001001
100100010010000000010010001001
100100010100000000001010001001
100100011000000000000110001001
100100100000000000000001001001
100100100000001100000001001001
100100100000010010000001001001
100100100000100001000001001001
100100100001000000100001001001
100100100010000000010001001001
100100100100000000001001001001
100100101000000000000101001001
100100110000000000000011001001
100101000000000000000000101001
100101000000001100000000101001
100101000000010010000000101001
100101000000100001000000101001
100101000001000000100000101001
100101000010000000010000101001
100101000100000000001000101001
100101001000000000000100101001
100101010000000000000010101001
100101100000000000000001101001
100110000000000000000000011001
100110000000001100000000011001
100110000000010010000000011001
100110000000100001000000011001
100110000001000000100000011001
100110000010000000010000011001
100110000100000000001000011001
100110001000000000000100011001
100110010000000000000010011001
100110100000000000000001011001
100111000000000000000000111001
101000000000000000000000000101
101000000000001100000000000101
101000000000010010000000000101
101000000000011110000000000101
101000000000100001000000000101
101000000000101101000000000101
101000000000110011000000000101
101000000001000000100000000101
101000000001001100100000000101
101000000001010010100000000101
101000000001100001100000000101
101000000010000000010000000101
101000000010001100010000000101
101000000010010010010000000101
101000000010100001010000000101
101000000011000000110000000101
101000000100000000001000000101
101000000100001100001000000101
101000000100010010001000000101
101000000100100001001000000101
101000000101000000101000000101
101000000110000000011000000101
101000001000000000000100000101
101000001000001100000100000101
101000001000010010000100000101
101000001000100001000100000101
101000001001000000100100000101
101000001010000000010100000101
101000001100000000001100000101
101000010000000000000010000101
101000010000001100000010000101
101000010000010010000010000101
101000010000100001000010000101
101000010001000000100010000101
101000010010000000010010000101
101000010100000000001010000101
101000011000000000000110000101
101000100000000000000001000101
101000100000001100000001000101
101000100000010010000001000101
101000100000100001000001000101
101000100001000000100001000101
101000100010000000010001000101
101000100100000000001001000101
101000101000000000000101000101
101000110000000000000011000101
101001000000000000000000100101
101001000000001100000000100101
101001000000010010000000100101
101001000000100001000000100101
101001000001000000100000100101
101001000010000000010000100101
101001000100000000001000100101
101001001000000000000100100101
101001010000000000000010100101
101001100000000000000001100101
101010000000000000000000010101
101010000000001100000000010101
101010000000010010000000010101
101010000000100001000000010101
101010000001000000100000010101
101010000010000000010000010101
101010000100000000001000010101
101010001000000000000100010101
101010010000000000000010010101
101010100000000000000001010101
101011000000000000000000110101
101100000000000000000000001101
101100000000001100000000001101
101100000000010010000000001101
101100000000100001000000001101
101100000001000000100000001101
101100000010000000010000001101
101100000100000000001000001101
101100001000000000000100001101
101100010000000000000010001101
101100100000000000000001001101
101101000000000000000000101101
101110000000000000000000011101
110000000000000000000000000011
110000000000001100000000000011
110000000000010010000000000011
110000000000011110000000000011
110000000000100001000000000011
110000000000101101000000000011
110000000000110011000000000011
110000000001000000100000000011
110000000001001100100000000011
110000000001010010100000000011
110000000001100001100000000011
110000000010000000010000000011
110000000010001100010000000011
110000000010010010010000000011
110000000010100001010000000011
110000000011000000110000000011
110000000100000000001000000011
110000000100001100001000000011
110000000100010010001000000011
110000000100100001001000000011
110000000101000000101000000011
110000000110000000011000000011
110000001000000000000100000011
110000001000001100000100000011
110000001000010010000100000011
110000001000100001000100000011
110000001001000000100100000011
110000001010000000010100000011
110000001100000000001100000011
110000010000000000000010000011
110000010000001100000010000011
110000010000010010000010000011
110000010000100001000010000011
110000010001000000100010000011
110000010010000000010010000011
110000010100000000001010000011
110000011000000000000110000011
110000100000000000000001000011
110000100000001100000001000011
110000100000010010000001000011
110000100000100001000001000011
110000100001000000100001000011
110000100010000000010001000011
110000100100000000001001000011
110000101000000000000101000011
110000110000000000000011000011
110001000000000000000000100011
110001000000001100000000100011
110001000000010010000000100011
110001000000100001000000100011
110001000001000000100000100011
110001000010000000010000100011
110001000100000000001000100011
110001001000000000000100100011
110001010000000000000010100011
110001100000000000000001100011
110010000000000000000000010011
110010000000001100000000010011
110010000000010010000000010011
110010000000100001000000010011
110010000001000000100000010011
110010000010000000010000010011
110010000100000000001000010011
110010001000000000000100010011
110010010000000000000010010011
110010100000000000000001010011
110011000000000000000000110011
110100000000000000000000001011
110100000000001100000000001011
110100000000010010000000001011
110100000000100001000000001011
110100000001000000100000001011
110100000010000000010000001011
110100000100000000001000001011
110100001000000000000100001011
110100010000000000000010001011
110100100000000000000001001011
110101000000000000000000101011
110110000000000000000000011011
111000000000000000000000000111
111000000000001100000000000111
111000000000010010000000000111
111000000000100001000000000111
111000000001000000100000000111
111000000010000000010000000111
111000000100000000001000000111
111000001000000000000100000111
111000010000000000000010000111
111000100000000000000001000111
111001000000000000000000100111
111010000000000000000000010111
111100000000000000000000001111
