100
130 708
65 742
197 666
1 6
21 221
120 502
10 120
733 902
177 544
120 302
8 584
1 742
91 332
1 10
1 4
1 101
384 742
9 302
120 221
9 121
611 905
58 401
303 584
3 121
8 121
3 109
283 830
3 221
484 742
2 133
8 122
121 484
201 296
524 860
7 221
1 121
43 839
384 584
65 302
404 589
8 484
122 1000
130 934
122 483
3 6
215 685
21 742
3 9
8 9
1 5
1 221
1 9
3 4
7 499
121 485
1 122
25 364
8 10
1 485
1 109
5 465
4 104
1 1
7 10
9 484
8 302
8 109
809 960
3 104
1 65
631 982
292 562
21 121
185 420
9 221
24 866
481 653
743 983
187 964
8 221
3 302
484 584
190 933
3 65
3 485
7 485
1 1000
1 302
3 10
1 104
209 228
1 2
7 9
100 1000
217 656
9 742
4 5
286 602
65 584
3 5
