10000000000000000000000000001
10000000000000100000000000001
10000000000000200000000000001
10000000000001010000000000001
10000000000001110000000000001
10000000000001210000000000001
10000000000010001000000000001
10000000000010101000000000001
10000000000010201000000000001
10000000000011011000000000001
10000000000011111000000000001
10000000000100000100000000001
10000000000100100100000000001
10000000000100200100000000001
10000000000101010100000000001
10000000000101110100000000001
10000000000110001100000000001
10000000000110101100000000001
10000000000111011100000000001
10000000000111111100000000001
10000000001000000010000000001
10000000001000100010000000001
10000000001000200010000000001
10000000001001010010000000001
10000000001001110010000000001
10000000001010001010000000001
10000000001010101010000000001
10000000001011011010000000001
10000000001011111010000000001
10000000001100000110000000001
10000000001100100110000000001
10000000001101010110000000001
10000000001101110110000000001
10000000001110001110000000001
10000000001110101110000000001
10000000010000000001000000001
10000000010000100001000000001
10000000010000200001000000001
10000000010001010001000000001
10000000010001110001000000001
10000000010010001001000000001
10000000010010101001000000001
10000000010011011001000000001
10000000010011111001000000001
10000000010100000101000000001
10000000010100100101000000001
10000000010101010101000000001
10000000010101110101000000001
10000000010110001101000000001
10000000010110101101000000001
10000000011000000011000000001
10000000011000100011000000001
10000000011001010011000000001
10000000011001110011000000001
10000000011010001011000000001
10000000011010101011000000001
10000000011100000111000000001
10000000011100100111000000001
10000000100000000000100000001
10000000100000100000100000001
10000000100000200000100000001
10000000100001010000100000001
10000000100001110000100000001
10000000100010001000100000001
10000000100010101000100000001
10000000100011011000100000001
10000000100011111000100000001
10000000100100000100100000001
10000000100100100100100000001
10000000100101010100100000001
10000000100101110100100000001
10000000100110001100100000001
10000000100110101100100000001
10000000101000000010100000001
10000000101000100010100000001
10000000101001010010100000001
10000000101001110010100000001
10000000101010001010100000001
10000000101010101010100000001
10000000101100000110100000001
10000000101100100110100000001
10000000110000000001100000001
10000000110000100001100000001
10000000110001010001100000001
10000000110001110001100000001
10000000110010001001100000001
10000000110010101001100000001
10000000110100000101100000001
10000000110100100101100000001
10000000111000000011100000001
10000000111000100011100000001
10000001000000000000010000001
10000001000000100000010000001
10000001000000200000010000001
10000001000001010000010000001
10000001000001110000010000001
10000001000010001000010000001
10000001000010101000010000001
10000001000011011000010000001
10000001000011111000010000001
10000001000100000100010000001
10000001000100100100010000001
10000001000101010100010000001
10000001000101110100010000001
10000001000110001100010000001
10000001000110101100010000001
10000001001000000010010000001
10000001001000100010010000001
10000001001001010010010000001
10000001001001110010010000001
10000001001010001010010000001
10000001001010101010010000001
10000001001100000110010000001
10000001001100100110010000001
10000001010000000001010000001
10000001010000100001010000001
10000001010001010001010000001
10000001010001110001010000001
10000001010010001001010000001
10000001010010101001010000001
10000001010100000101010000001
10000001010100100101010000001
10000001011000000011010000001
10000001011000100011010000001
10000001100000000000110000001
10000001100000100000110000001
10000001100001010000110000001
10000001100001110000110000001
10000001100010001000110000001
10000001100010101000110000001
10000001100100000100110000001
10000001100100100100110000001
10000001101000000010110000001
10000001101000100010110000001
10000001110000000001110000001
10000001110000100001110000001
10000010000000000000001000001
10000010000000100000001000001
10000010000000200000001000001
10000010000001010000001000001
10000010000001110000001000001
10000010000010001000001000001
10000010000010101000001000001
10000010000011011000001000001
10000010000011111000001000001
10000010000100000100001000001
10000010000100100100001000001
10000010000101010100001000001
10000010000101110100001000001
10000010000110001100001000001
10000010000110101100001000001
10000010001000000010001000001
10000010001000100010001000001
10000010001001010010001000001
10000010001001110010001000001
10000010001010001010001000001
10000010001010101010001000001
10000010001100000110001000001
10000010001100100110001000001
10000010010000000001001000001
10000010010000100001001000001
10000010010001010001001000001
10000010010001110001001000001
10000010010010001001001000001
10000010010010101001001000001
10000010010100000101001000001
10000010010100100101001000001
10000010011000000011001000001
10000010011000100011001000001
10000010100000000000101000001
10000010100000100000101000001
10000010100001010000101000001
10000010100001110000101000001
10000010100010001000101000001
10000010100010101000101000001
10000010100100000100101000001
10000010100100100100101000001
10000010101000000010101000001
10000010101000100010101000001
10000010110000000001101000001
10000010110000100001101000001
10000011000000000000011000001
10000011000000100000011000001
10000011000001010000011000001
10000011000001110000011000001
10000011000010001000011000001
10000011000010101000011000001
10000011000100000100011000001
10000011000100100100011000001
10000011001000000010011000001
10000011001000100010011000001
10000011010000000001011000001
10000011010000100001011000001
10000011100000000000111000001
10000011100000100000111000001
10000100000000000000000100001
10000100000000100000000100001
10000100000000200000000100001
10000100000001010000000100001
10000100000001110000000100001
10000100000010001000000100001
10000100000010101000000100001
10000100000011011000000100001
10000100000011111000000100001
10000100000100000100000100001
10000100000100100100000100001
10000100000101010100000100001
10000100000101110100000100001
10000100000110001100000100001
10000100000110101100000100001
10000100001000000010000100001
10000100001000100010000100001
10000100001001010010000100001
10000100001001110010000100001
10000100001010001010000100001
10000100001010101010000100001
10000100001100000110000100001
10000100001100100110000100001
10000100010000000001000100001
10000100010000100001000100001
10000100010001010001000100001
10000100010001110001000100001
10000100010010001001000100001
10000100010010101001000100001
10000100010100000101000100001
10000100010100100101000100001
10000100011000000011000100001
10000100011000100011000100001
10000100100000000000100100001
10000100100000100000100100001
10000100100001010000100100001
10000100100001110000100100001
10000100100010001000100100001
10000100100010101000100100001
10000100100100000100100100001
10000100100100100100100100001
10000100101000000010100100001
10000100101000100010100100001
10000100110000000001100100001
10000100110000100001100100001
10000101000000000000010100001
10000101000000100000010100001
10000101000001010000010100001
10000101000001110000010100001
10000101000010001000010100001
10000101000010101000010100001
10000101000100000100010100001
10000101000100100100010100001
10000101001000000010010100001
10000101001000100010010100001
10000101010000000001010100001
10000101010000100001010100001
10000101100000000000110100001
10000101100000100000110100001
10000110000000000000001100001
10000110000000100000001100001
10000110000001010000001100001
10000110000001110000001100001
10000110000010001000001100001
10000110000010101000001100001
10000110000100000100001100001
10000110000100100100001100001
10000110001000000010001100001
10000110001000100010001100001
10000110010000000001001100001
10000110010000100001001100001
10000110100000000000101100001
10000110100000100000101100001
10000111000000000000011100001
10000111000000100000011100001
10001000000000000000000010001
10001000000000100000000010001
10001000000000200000000010001
10001000000001010000000010001
10001000000001110000000010001
10001000000010001000000010001
10001000000010101000000010001
10001000000011011000000010001
10001000000011111000000010001
10001000000100000100000010001
10001000000100100100000010001
10001000000101010100000010001
10001000000101110100000010001
10001000000110001100000010001
10001000000110101100000010001
10001000001000000010000010001
10001000001000100010000010001
10001000001001010010000010001
10001000001001110010000010001
10001000001010001010000010001
10001000001010101010000010001
10001000001100000110000010001
10001000001100100110000010001
10001000010000000001000010001
10001000010000100001000010001
10001000010001010001000010001
10001000010001110001000010001
10001000010010001001000010001
10001000010010101001000010001
10001000010100000101000010001
10001000010100100101000010001
10001000011000000011000010001
10001000011000100011000010001
10001000100000000000100010001
10001000100000100000100010001
10001000100001010000100010001
10001000100001110000100010001
10001000100010001000100010001
10001000100010101000100010001
10001000100100000100100010001
10001000100100100100100010001
10001000101000000010100010001
10001000101000100010100010001
10001000110000000001100010001
10001000110000100001100010001
10001001000000000000010010001
10001001000000100000010010001
10001001000001010000010010001
10001001000001110000010010001
10001001000010001000010010001
10001001000010101000010010001
10001001000100000100010010001
10001001000100100100010010001
10001001001000000010010010001
10001001001000100010010010001
10001001010000000001010010001
10001001010000100001010010001
10001001100000000000110010001
10001001100000100000110010001
10001010000000000000001010001
10001010000000100000001010001
10001010000001010000001010001
10001010000001110000001010001
10001010000010001000001010001
10001010000010101000001010001
10001010000100000100001010001
10001010000100100100001010001
10001010001000000010001010001
10001010001000100010001010001
10001010010000000001001010001
10001010010000100001001010001
10001010100000000000101010001
10001010100000100000101010001
10001011000000000000011010001
10001011000000100000011010001
10001100000000000000000110001
10001100000000100000000110001
10001100000001010000000110001
10001100000001110000000110001
10001100000010001000000110001
10001100000010101000000110001
10001100000100000100000110001
10001100000100100100000110001
10001100001000000010000110001
10001100001000100010000110001
10001100010000000001000110001
10001100010000100001000110001
10001100100000000000100110001
10001100100000100000100110001
10001101000000000000010110001
10001101000000100000010110001
10001110000000000000001110001
10001110000000100000001110001
10010000000000000000000001001
10010000000000100000000001001
10010000000000200000000001001
10010000000001010000000001001
10010000000001110000000001001
10010000000010001000000001001
10010000000010101000000001001
10010000000011011000000001001
10010000000011111000000001001
10010000000100000100000001001
10010000000100100100000001001
10010000000101010100000001001
10010000000101110100000001001
10010000000110001100000001001
10010000000110101100000001001
10010000001000000010000001001
10010000001000100010000001001
10010000001001010010000001001
10010000001001110010000001001
10010000001010001010000001001
10010000001010101010000001001
10010000001100000110000001001
10010000001100100110000001001
10010000010000000001000001001
10010000010000100001000001001
10010000010001010001000001001
10010000010001110001000001001
10010000010010001001000001001
10010000010010101001000001001
10010000010100000101000001001
10010000010100100101000001001
10010000011000000011000001001
10010000011000100011000001001
10010000100000000000100001001
10010000100000100000100001001
10010000100001010000100001001
10010000100001110000100001001
10010000100010001000100001001
10010000100010101000100001001
10010000100100000100100001001
10010000100100100100100001001
10010000101000000010100001001
10010000101000100010100001001
10010000110000000001100001001
10010000110000100001100001001
10010001000000000000010001001
10010001000000100000010001001
10010001000001010000010001001
10010001000001110000010001001
10010001000010001000010001001
10010001000010101000010001001
10010001000100000100010001001
10010001000100100100010001001
10010001001000000010010001001
10010001001000100010010001001
10010001010000000001010001001
10010001010000100001010001001
10010001100000000000110001001
10010001100000100000110001001
10010010000000000000001001001
10010010000000100000001001001
10010010000001010000001001001
10010010000001110000001001001
10010010000010001000001001001
10010010000010101000001001001
10010010000100000100001001001
10010010000100100100001001001
10010010001000000010001001001
10010010001000100010001001001
10010010010000000001001001001
10010010010000100001001001001
10010010100000000000101001001
10010010100000100000101001001
10010011000000000000011001001
10010011000000100000011001001
10010100000000000000000101001
10010100000000100000000101001
10010100000001010000000101001
10010100000001110000000101001
10010100000010001000000101001
10010100000010101000000101001
10010100000100000100000101001
10010100000100100100000101001
10010100001000000010000101001
10010100001000100010000101001
10010100010000000001000101001
10010100010000100001000101001
10010100100000000000100101001
10010100100000100000100101001
10010101000000000000010101001
10010101000000100000010101001
10010110000000000000001101001
10010110000000100000001101001
10011000000000000000000011001
10011000000000100000000011001
10011000000001010000000011001
10011000000001110000000011001
10011000000010001000000011001
10011000000010101000000011001
10011000000100000100000011001
10011000000100100100000011001
10011000001000000010000011001
10011000001000100010000011001
10011000010000000001000011001
10011000010000100001000011001
10011000100000000000100011001
10011000100000100000100011001
10011001000000000000010011001
10011001000000100000010011001
10011010000000000000001011001
10011010000000100000001011001
10011100000000000000000111001
10011100000000100000000111001
10100000000000000000000000101
10100000000000100000000000101
10100000000000200000000000101
10100000000001010000000000101
10100000000001110000000000101
10100000000010001000000000101
10100000000010101000000000101
10100000000011011000000000101
10100000000011111000000000101
10100000000100000100000000101
10100000000100100100000000101
10100000000101010100000000101
10100000000101110100000000101
10100000000110001100000000101
10100000000110101100000000101
10100000001000000010000000101
10100000001000100010000000101
10100000001001010010000000101
10100000001001110010000000101
10100000001010001010000000101
10100000001010101010000000101
10100000001100000110000000101
10100000001100100110000000101
10100000010000000001000000101
10100000010000100001000000101
10100000010001010001000000101
10100000010001110001000000101
10100000010010001001000000101
10100000010010101001000000101
10100000010100000101000000101
10100000010100100101000000101
10100000011000000011000000101
10100000011000100011000000101
10100000100000000000100000101
10100000100000100000100000101
10100000100001010000100000101
10100000100001110000100000101
10100000100010001000100000101
10100000100010101000100000101
10100000100100000100100000101
10100000100100100100100000101
10100000101000000010100000101
10100000101000100010100000101
10100000110000000001100000101
10100000110000100001100000101
10100001000000000000010000101
10100001000000100000010000101
10100001000001010000010000101
10100001000001110000010000101
10100001000010001000010000101
10100001000010101000010000101
10100001000100000100010000101
10100001000100100100010000101
10100001001000000010010000101
10100001001000100010010000101
10100001010000000001010000101
10100001010000100001010000101
10100001100000000000110000101
10100001100000100000110000101
10100010000000000000001000101
10100010000000100000001000101
10100010000001010000001000101
10100010000001110000001000101
10100010000010001000001000101
10100010000010101000001000101
10100010000100000100001000101
10100010000100100100001000101
10100010001000000010001000101
10100010001000100010001000101
10100010010000000001001000101
10100010010000100001001000101
10100010100000000000101000101
10100010100000100000101000101
10100011000000000000011000101
10100011000000100000011000101
10100100000000000000000100101
10100100000000100000000100101
10100100000001010000000100101
10100100000001110000000100101
10100100000010001000000100101
10100100000010101000000100101
10100100000100000100000100101
10100100000100100100000100101
10100100001000000010000100101
10100100001000100010000100101
10100100010000000001000100101
10100100010000100001000100101
10100100100000000000100100101
10100100100000100000100100101
10100101000000000000010100101
10100101000000100000010100101
10100110000000000000001100101
10100110000000100000001100101
10101000000000000000000010101
10101000000000100000000010101
10101000000001010000000010101
10101000000001110000000010101
10101000000010001000000010101
10101000000010101000000010101
10101000000100000100000010101
10101000000100100100000010101
10101000001000000010000010101
10101000001000100010000010101
10101000010000000001000010101
10101000010000100001000010101
10101000100000000000100010101
10101000100000100000100010101
10101001000000000000010010101
10101001000000100000010010101
10101010000000000000001010101
10101010000000100000001010101
10101100000000000000000110101
10101100000000100000000110101
10110000000000000000000001101
10110000000000100000000001101
10110000000001010000000001101
10110000000001110000000001101
10110000000010001000000001101
10110000000010101000000001101
10110000000100000100000001101
10110000000100100100000001101
10110000001000000010000001101
10110000001000100010000001101
10110000010000000001000001101
10110000010000100001000001101
10110000100000000000100001101
10110000100000100000100001101
10110001000000000000010001101
10110001000000100000010001101
10110010000000000000001001101
10110010000000100000001001101
10110100000000000000000101101
10110100000000100000000101101
10111000000000000000000011101
10111000000000100000000011101
11000000000000000000000000011
11000000000000100000000000011
11000000000000200000000000011
11000000000001010000000000011
11000000000001110000000000011
11000000000010001000000000011
11000000000010101000000000011
11000000000011011000000000011
11000000000011111000000000011
11000000000100000100000000011
11000000000100100100000000011
11000000000101010100000000011
11000000000101110100000000011
11000000000110001100000000011
11000000000110101100000000011
11000000001000000010000000011
11000000001000100010000000011
11000000001001010010000000011
11000000001001110010000000011
11000000001010001010000000011
11000000001010101010000000011
11000000001100000110000000011
11000000001100100110000000011
11000000010000000001000000011
11000000010000100001000000011
11000000010001010001000000011
11000000010001110001000000011
11000000010010001001000000011
11000000010010101001000000011
11000000010100000101000000011
11000000010100100101000000011
11000000011000000011000000011
11000000011000100011000000011
11000000100000000000100000011
11000000100000100000100000011
11000000100001010000100000011
11000000100001110000100000011
11000000100010001000100000011
11000000100010101000100000011
11000000100100000100100000011
11000000100100100100100000011
11000000101000000010100000011
11000000101000100010100000011
11000000110000000001100000011
11000000110000100001100000011
11000001000000000000010000011
11000001000000100000010000011
11000001000001010000010000011
11000001000001110000010000011
11000001000010001000010000011
11000001000010101000010000011
11000001000100000100010000011
11000001000100100100010000011
11000001001000000010010000011
11000001001000100010010000011
11000001010000000001010000011
11000001010000100001010000011
11000001100000000000110000011
11000001100000100000110000011
11000010000000000000001000011
11000010000000100000001000011
11000010000001010000001000011
11000010000001110000001000011
11000010000010001000001000011
11000010000010101000001000011
11000010000100000100001000011
11000010000100100100001000011
11000010001000000010001000011
11000010001000100010001000011
11000010010000000001001000011
11000010010000100001001000011
11000010100000000000101000011
11000010100000100000101000011
11000011000000000000011000011
11000011000000100000011000011
11000100000000000000000100011
11000100000000100000000100011
11000100000001010000000100011
11000100000001110000000100011
11000100000010001000000100011
11000100000010101000000100011
11000100000100000100000100011
11000100000100100100000100011
11000100001000000010000100011
11000100001000100010000100011
11000100010000000001000100011
11000100010000100001000100011
11000100100000000000100100011
11000100100000100000100100011
11000101000000000000010100011
11000101000000100000010100011
11000110000000000000001100011
11000110000000100000001100011
11001000000000000000000010011
11001000000000100000000010011
11001000000001010000000010011
11001000000001110000000010011
11001000000010001000000010011
11001000000010101000000010011
11001000000100000100000010011
11001000000100100100000010011
11001000001000000010000010011
11001000001000100010000010011
11001000010000000001000010011
11001000010000100001000010011
11001000100000000000100010011
11001000100000100000100010011
11001001000000000000010010011
11001001000000100000010010011
11001010000000000000001010011
11001010000000100000001010011
11001100000000000000000110011
11001100000000100000000110011
11010000000000000000000001011
11010000000000100000000001011
11010000000001010000000001011
11010000000001110000000001011
11010000000010001000000001011
11010000000010101000000001011
11010000000100000100000001011
11010000000100100100000001011
11010000001000000010000001011
11010000001000100010000001011
11010000010000000001000001011
11010000010000100001000001011
11010000100000000000100001011
11010000100000100000100001011
11010001000000000000010001011
11010001000000100000010001011
11010010000000000000001001011
11010010000000100000001001011
11010100000000000000000101011
11010100000000100000000101011
11011000000000000000000011011
11011000000000100000000011011
11100000000000000000000000111
11100000000000100000000000111
11100000000001010000000000111
11100000000001110000000000111
11100000000010001000000000111
11100000000010101000000000111
11100000000100000100000000111
11100000000100100100000000111
11100000001000000010000000111
11100000001000100010000000111
11100000010000000001000000111
11100000010000100001000000111
11100000100000000000100000111
11100000100000100000100000111
11100001000000000000010000111
11100001000000100000010000111
11100010000000000000001000111
11100010000000100000001000111
11100100000000000000000100111
11100100000000100000000100111
11101000000000000000000010111
11101000000000100000000010111
11110000000000000000000001111
11110000000000100000000001111
