1000000000000000001
1000000001000000001
1000000002000000001
1000000010100000001
1000000011100000001
1000000012100000001
1000000100010000001
1000000101010000001
1000000102010000001
1000000110110000001
1000000111110000001
1000001000001000001
1000001001001000001
1000001002001000001
1000001010101000001
1000001011101000001
1000001100011000001
1000001101011000001
1000001110111000001
1000001111111000001
1000010000000100001
1000010001000100001
1000010002000100001
1000010010100100001
1000010011100100001
1000010100010100001
1000010101010100001
1000010110110100001
1000010111110100001
1000011000001100001
1000011001001100001
1000011010101100001
1000011011101100001
1000011100011100001
1000011101011100001
1000100000000010001
1000100001000010001
1000100002000010001
1000100010100010001
1000100011100010001
1000100100010010001
1000100101010010001
1000100110110010001
1000100111110010001
1000101000001010001
1000101001001010001
1000101010101010001
1000101011101010001
1000101100011010001
1000101101011010001
1000110000000110001
1000110001000110001
1000110010100110001
1000110011100110001
1000110100010110001
1000110101010110001
1000111000001110001
1000111001001110001
1001000000000001001
1001000001000001001
1001000002000001001
1001000010100001001
1001000011100001001
1001000100010001001
1001000101010001001
1001000110110001001
1001000111110001001
1001001000001001001
1001001001001001001
1001001010101001001
1001001011101001001
1001001100011001001
1001001101011001001
1001010000000101001
1001010001000101001
1001010010100101001
1001010011100101001
1001010100010101001
1001010101010101001
1001011000001101001
1001011001001101001
1001100000000011001
1001100001000011001
1001100010100011001
1001100011100011001
1001100100010011001
1001100101010011001
1001101000001011001
1001101001001011001
1001110000000111001
1001110001000111001
1010000000000000101
1010000001000000101
1010000002000000101
1010000010100000101
1010000011100000101
1010000100010000101
1010000101010000101
1010000110110000101
1010000111110000101
1010001000001000101
1010001001001000101
1010001010101000101
1010001011101000101
1010001100011000101
1010001101011000101
1010010000000100101
1010010001000100101
1010010010100100101
1010010011100100101
1010010100010100101
1010010101010100101
1010011000001100101
1010011001001100101
1010100000000010101
1010100001000010101
1010100010100010101
1010100011100010101
1010100100010010101
1010100101010010101
1010101000001010101
1010101001001010101
1010110000000110101
1010110001000110101
1011000000000001101
1011000001000001101
1011000010100001101
1011000011100001101
1011000100010001101
1011000101010001101
1011001000001001101
1011001001001001101
1011010000000101101
1011010001000101101
1011100000000011101
1011100001000011101
1100000000000000011
1100000001000000011
1100000002000000011
1100000010100000011
1100000011100000011
1100000100010000011
1100000101010000011
1100000110110000011
1100000111110000011
1100001000001000011
1100001001001000011
1100001010101000011
1100001011101000011
1100001100011000011
1100001101011000011
1100010000000100011
1100010001000100011
1100010010100100011
1100010011100100011
1100010100010100011
1100010101010100011
1100011000001100011
1100011001001100011
1100100000000010011
1100100001000010011
1100100010100010011
1100100011100010011
1100100100010010011
1100100101010010011
1100101000001010011
1100101001001010011
1100110000000110011
1100110001000110011
1101000000000001011
1101000001000001011
1101000010100001011
1101000011100001011
1101000100010001011
1101000101010001011
1101001000001001011
1101001001001001011
1101010000000101011
1101010001000101011
1101100000000011011
1101100001000011011
1110000000000000111
1110000001000000111
1110000010100000111
1110000011100000111
1110000100010000111
1110000101010000111
1110001000001000111
1110001001001000111
1110010000000100111
1110010001000100111
1110100000000010111
1110100001000010111
1111000000000001111
1111000001000001111
