1
100 3 5 7
60 60 60 4 20 1 4
18 3 3 3 9 2 3
12 4 1 48 12 12 48
25 15 75 1 25 1 15
16 4 4 16 48 12 12
1 1 9 45 3 3 45
1 1 1 3 27 3 9
9 3 12 3 4 36 12
48 4 12 48 4 12 16
1 12 36 12 1 9 9
15 5 15 6 5 5 2
20 40 5 1 4 40 8
12 4 15 1 15 60 12
5 125 125 25 25 5 25
20 20 10 10 1 2 5
5 100 20 4 20 5 25
1 20 60 60 1 60 1
5 3 15 3 5 45 45
4 4 4 4 16 4 16
2 4 2 4 1 2 4
60 1 4 15 12 5 5
10 5 10 50 1 5 10
15 6 3 5 1 3 1
24 4 4 12 8 4 8
9 3 2 3 3 6 3
10 20 4 20 20 5 5
1 12 9 36 9 3 3
20 16 80 4 4 5 4
5 2 5 20 20 2 1
5 10 8 5 5 2 1
100 20 20 100 20 20 1
18 1 6 1 3 3 3
6 12 3 24 8 6 4
10 50 5 5 10 1 10
15 60 4 12 3 20 15
4 1 4 16 20 5 80
10 30 1 5 3 3 3
5 10 2 10 2 20 10
3 3 3 9 12 36 3
5 4 5 5 5 60 20
8 2 1 2 4 1 2
8 32 1 1 2 8 16
6 12 6 1 2 2 3
10 5 25 50 1 5 10
1 1 25 5 2 10 10
36 12 36 9 9 9 12
6 15 6 10 2 10 3
5 2 5 8 8 20 10
8 2 8 4 8 4 4
1 12 12 12 2 6 4
3 2 6 2 3 6 9
4 1 3 3 36 9 1
2 8 40 8 8 2 8
5 4 100 4 20 20 5
8 32 4 16 1 1 8
5 2 50 2 10 25 25
3 36 9 4 3 1 12
4 5 2 8 4 2 1
1 12 60 4 20 12 15
1 2 20 4 2 4 1
9 15 15 45 3 5 15
1 8 1 1 16 1 4
8 16 4 4 8 1 8
4 100 100 5 25 20 5
12 12 9 12 36 9 3
3 6 2 1 2 4 4
2 2 8 2 2 2 16
2 9 3 18 2 18 6
4 20 20 15 15 20 15
3 3 12 3 1 12 3
1 45 15 5 5 15 1
3 10 10 2 2 3 15
3 15 3 9 15 5 3
12 2 2 3 1 2 1
12 12 12 36 36 3 1
9 1 15 9 9 3 3
6 2 2 3 2 12 6
4 80 4 1 4 16 16
3 3 3 9 1 1 1
9 12 1 12 9 9 36
1 4 20 4 20 4 20
4 3 2 3 3 2 12
1 100 5 1 5 1 20
3 12 15 20 4 20 12
10 8 40 2 40 40 4
3 9 3 2 9 6 2
4 4 3 1 8 4 4
20 5 3 3 3 5 20
4 3 3 3 3 12 12
60 1 20 20 15 12 60
1 9 36 3 9 36 4
1 2 5 4 4 2 1
9 3 1 3 45 9 15
4 4 2 1 6 4 3
2 3 18 2 3 3 9
1 4 2 2 6 4 8
20 4 80 20 80 5 16
4 16 12 48 4 3 16
3 6 30 3 30 15 2
4 8 10 20 10 5 4
