50
4 3
-3 -6 -9
3 2 1
2 2
1 -1
1 1
1000 25
2121817 1221048 3727251 -5556157 -6569012 -2855437 4153281 2476307 7107282 -9223728 -5918249 8521078 9324180 9699688 -7210107 5005315 8799245 3675242 -7580320 -7342395 7313518 -9857804 -3235329 -5272157 -3582197
913 29 576 622 421 127 114 326 400 238 678 84 599 639 293 118 93 654 10 302 763 981 68 654 949
1000 25
-6475731 -6426120 9023748 -9418406 -5084569 4695171 -834938 -1664621 5349392 -5527405 4953885 6382564 -9154759 2140746 -6122756 4153681 1363611 6437084 -9795890 -7490515 1056453 -7913794 -4390936 -6779885 -1310080
41 709 541 393 197 236 320 175 453 299 136 843 854 663 536 125 855 34 443 168 447 982 877 551 735
1000 25
3248830 1182553 1986929 -3110370 -6683065 -3330883 3399727 -8021190 5281711 8640804 6387932 7847470 4834971 -1671863 -5281625 -4512761 229153 -340637 -4056408 9751995 -5941645 7056419 -7771122 -9010150 4136049
818 865 823 818 393 788 709 271 445 257 399 310 534 828 534 616 925 871 638 7 406 362 341 32 622
1000 25
631516 16384 -4837627 2936941 -8819109 2712712 -524288 3483208 5969909 -6715585 -4894246 -568726 5098397 -1685200 -256 -922179 -1775172 605072 3961807 970904 -3131359 -6159030 -2441672 -1115848 1
388 968 44 411 111 429 488 191 68 288 29 393 131 137 984 330 354 307 519 40 101 38 111 381 999
1000 5
-1 -8388608 64 -65536 524288
999 205 968 936 872
1000 25
1317423 4997922 5952733 7010712 512 3379851 524288 -788028 -5311876 -965379 8942001 1000873 -6768279 -4266054 -3589196 -6724928 -5231152 -1 1250144 -576622 -4267191 9983737 -4130998 -1861233 -65536
602 624 28 466 984 200 744 562 240 68 321 349 133 583 524 124 3 999 640 301 45 405 562 212 968
1000 25
152907 1583250 3094336 1362637 799246 1265689 349066 -1 726435 -567371 524288 254568 3308874 -67088 -8192 714112 33024 1855869 2465326 225050 116605 -519110 8 2698690 -766134
391 64 140 140 237 339 174 999 292 98 488 176 61 204 744 452 206 119 203 367 450 143 992 10 290
1000 25
-9731519 -3161134 1407124 6799698 1609408 3237 3886965 -8241506 3016798 6347198 3465253 -5065899 6611475 -1415660 -1952840 -6385001 7733110 -4454303 -3733737 4682442 -783999 9930062 9300462 -6622671 -7000432
50 700 871 160 831 943 571 80 799 351 657 366 229 867 823 254 88 444 574 383 879 48 65 173 114
1000 5
-524288 65536 -64 1 8388608
872 936 968 999 202
1000 25
1857625 -524288 1595370 -1254238 -1502900 -9332962 8192 2591280 -4508813 -8694345 -2801018 -622746 -1393465 -5865362 -32 -5406336 4339981 6442074 -913047 770196 1851356 5543699 1 -8306013 1268621
657 488 390 421 333 40 936 305 279 78 56 98 227 155 992 26 285 21 118 68 8 184 999 23 143
1000 25
-3554275 4075393 7417068 1024 3371198 -1337557 6710400 -131072 -1415971 -5672615 2652241 -1444501 -2155818 -504373 7783009 -6204701 -2138379 2200754 2785215 524288 -7966826 3109352 -3149179 -273047 -1
712 372 429 984 309 633 417 968 483 414 276 202 790 681 605 471 713 106 79 936 202 146 149 205 999
1000 25
-9319361 8840860 -778381 -9331004 -2658807 150928 -6358752 -3982705 5004653 -2325489 -7765717 -4431960 -5779612 -8913977 -2114406 -4035491 4379068 -9431995 4317058 7673778 -3769079 9311201 2869747 -2834030 3089477
899 285 261 800 218 900 288 124 860 306 694 168 952 38 172 519 900 518 767 177 125 82 387 859 445
1000 25
7543980 -9829247 1936386 2784747 -618266 6489776 -1934778 5816037 9872738 -7654386 1254818 -856072 1508386 9103406 -5080590 8684079 643479 3855389 -6062248 -7009383 -2627666 -8893311 -1485716 539067 -3326046
200 43 685 635 949 296 719 400 6 179 819 824 730 131 425 167 853 444 334 215 654 135 804 992 530
1000 25
-7255088 -5146902 -2530648 4464204 -3648637 4824097 1093402 -4706283 -3024921 9016450 209170 -644691 -9038097 9523735 3410648 8479345 -8478302 -2829904 -5579363 3833423 9856201 -9388136 864175 7415632 5178030
201 975 197 537 415 446 353 914 341 98 386 418 474 580 55 581 790 721 122 802 924 697 955 205 575
1000 25
1912648 -1 7373405 -1393071 1538695 512 -262144 -4352307 7275524 -190234 -4686865 -938400 -3900409 1743596 4029388 -4889054 -7229553 -5925859 -7323693 -8557058 524288 6667247 -6517783 -3497458 -1537635
46 999 285 573 219 984 968 222 336 777 345 928 620 466 409 4 457 639 168 126 488 364 53 687 570
1000 25
1154772 -9310423 -8330148 -9229684 8852704 2205829 -3932279 -3035540 -791567 4581748 -5495387 -2150584 247747 7847472 3965139 9289368 3038486 6108716 5551308 2692383 -4058688 -5856868 9317984 -7237956 -2577149
825 53 192 85 144 802 631 717 917 401 274 813 920 226 565 76 637 247 259 729 421 255 52 228 775
1000 25
2089479 -603927 -5416235 9321260 -4566755 5152900 -1466885 -8461852 -8048448 -5395598 2923651 524288 -839691 6966110 94455 -5172079 8076209 512 2121512 -65536 -2873850 -1033935 -1 -562133 -144712
289 419 111 260 253 197 250 217 76 71 99 488 376 170 130 30 174 984 184 968 360 339 999 190 762
1000 5
-1 -65536 64 524288 -8388608
999 936 968 872 204
1000 25
-3233335 -3937587 -291165 630205 8421370 1386505 9492298 3938536 9863959 -9655389 8797106 1372115 -6085336 2477048 -965728 -2614727 3621576 -9748220 -9271300 -7182237 -6216918 1600268 9159491 -7193374 441344
800 595 657 861 124 485 668 197 574 154 842 93 923 303 647 830 892 776 616 29 270 216 99 836 236
1000 25
792317 5199533 -9615450 4282317 -9900108 -8130529 5884705 5314370 6335544 5081551 -187844 3379088 7819038 8760987 -7526173 2641061 -6126703 -3314189 -8565293 2478628 -7929137 5386857 5081589 7839170 -7706671
304 554 928 726 412 314 715 349 194 201 292 46 570 188 338 313 45 242 843 810 326 65 202 227 156
1000 25
1627840 -112789 7135863 9536885 6208177 -1069174 -6097884 8564309 4513509 2219785 3157576 2536994 -1 -65348 -3892092 256 -1238675 5367668 2789084 8720855 -131072 8370155 524288 2018509 8403346
761 622 110 278 224 469 285 237 322 739 854 818 999 260 379 984 863 93 510 844 968 580 936 897 442
1000 5
-1 524288 -8388608 64 -65536
999 872 204 968 936
1000 25
8113680 524288 5246643 4688387 -4627120 1990140 7120072 3610662 -229373 4357618 921230 -131072 4214122 6010408 7195258 6117253 9195954 128 -166076 -1 -4589582 -12173 7495122 5620095 -1390849
560 872 342 109 68 422 305 711 354 232 714 936 557 413 55 221 671 984 330 999 132 34 756 370 469
1000 25
-32768 6819350 -1 7719848 -2292631 101755 8451988 -5092679 6031566 -2199740 128 -1570821 3569149 -7138608 -820397 4705355 -1676372 524288 -1902246 2718077 8011754 8962563 8796718 -3957386 -1369947
968 155 999 556 513 645 558 60 249 252 984 574 54 196 316 428 247 744 138 439 573 70 13 315 431
1000 25
-67452 1923748 1879127 -256 801986 -2107668 1894916 1059881 1518772 1869627 658947 -2184952 3510447 5718099 -329359 -4049648 -524288 -581603 7706095 -4370379 1 4537913 4519602 32768 1907238
148 533 553 984 70 164 591 215 608 303 287 230 219 3 133 22 488 320 134 387 999 473 117 968 232
1000 5
-8388608 524288 -1 64 -65536
203 872 999 968 936
1000 5
65536 -524288 -64 1 8388608
936 872 968 999 206
1000 5
65536 8388608 -64 1 -524288
936 202 968 999 872
1000 25
1301100 -512 1202523 339850 -6523432 -5196202 131072 6366354 1555940 540915 -8801867 -4924433 -2722925 -355213 -3135759 -9605152 1 610232 -8914837 1781715 186186 5927532 2989273 -524288 630332
355 984 877 279 131 344 968 16 575 432 318 323 131 442 86 61 999 502 277 619 720 207 744 488 627
1000 25
-1581630 -131072 -38890 -8812666 5565022 -2142313 6324749 -7674845 5930359 1122998 -1 -24186 -4088532 364849 1968116 256 5190729 -7920060 524288 5680443 -580593 -2406196 -6839536 -4541235 2736002
456 968 683 15 214 128 158 301 199 120 999 826 583 164 357 984 325 212 488 263 277 5 262 112 304
1000 25
-1852395 -1024 -3246441 -5521850 3994916 1928021 1 -524288 -2404812 7484811 3859446 3520386 -7719695 -8313907 65536 1538604 -1577608 -9039827 2173342 -4734526 6712356 -9515083 4923861 4199061 5914639
574 984 559 576 36 175 999 744 24 267 210 126 502 618 968 712 360 23 431 535 146 273 315 425 259
1000 25
-9870495 8012987 -65405 8628852 9057978 3389392 -1074543 292036 -9792654 -8513390 4394754 -4565043 9866682 -8796661 2202953 -3290331 8286539 7141012 5158518 4724372 -7885722 -8175921 -6829764 -4954450 -4053819
82 471 965 214 206 857 939 940 93 282 842 749 82 209 914 914 370 580 681 741 573 415 618 726 851
1000 25
-195515 124465 3200993 3060237 -156267 -1007028 2944447 -409203 524288 -858242 -912232 3041562 -55267 2112018 1786363 -292856 -1036516 1572370 272170 8 3126401 1368789 1425222 -16384 -1
585 326 137 56 495 55 93 368 488 34 202 135 345 23 44 421 207 147 86 992 46 78 312 744 999
1000 16
-262144 -973373 5386814 64 4554631 -3315580 7800003 -2739567 524288 -5057351 50580 5898644 377124 9545316 5693691 -1
936 59 516 984 91 335 602 272 744 198 131 63 232 16 480 999
1000 25
-4086802 -1080508 -3555241 -2413650 8142975 -7346118 2555096 3243968 -7650096 -6157609 -5578541 6794319 6047185 -8109514 3777683 -9527217 7992158 1440633 2356123 8781628 -2990432 -8207589 4740444 -1800123 7587454
498 937 525 673 169 335 617 533 271 398 403 340 400 245 515 30 257 930 764 93 569 119 455 912 288
1000 5
-65536 524288 -8388608 -1 64
936 872 205 999 968
1000 25
2381618 4123550 -887074 -6035782 -4215131 9137760 -249535 -2026649 6008953 -8428900 4692283 772483 1759130 -9228985 4403600 2544668 8350590 -2402454 -5698180 4163604 -4580873 -6991409 6638569 -4127275 -2772934
797 640 827 230 532 120 906 809 243 158 297 830 817 21 406 690 163 753 254 540 319 183 229 569 666
1000 5
-8388608 -65536 524288 -1 64
203 936 872 999 968
1000 25
-6843560 -2168229 -6666243 6775660 5837078 3497872 -4516092 6276746 -1484384 784834 -4386497 -4406488 5487363 -2582426 6551560 -7196164 6155653 -2430587 -5127979 -1607849 -592357 -2352389 5072904 5977853 -9628768
27 849 763 594 85 326 650 495 852 139 923 26 607 161 455 200 57 316 124 843 318 520 353 569 432
1000 25
5804495 -8609849 9650965 3517838 587556 -3532969 -2164304 -2422785 -9527788 2110837 8246902 9283024 -1744901 6599278 1625733 -1104134 -8366903 8515210 -6236690 -495999 -9704894 4193284 -4981751 2298258 -7560600
496 194 23 609 818 592 708 695 47 721 274 115 764 287 784 813 249 203 442 959 19 567 524 695 274
1000 25
1281130 -2921184 -1 -1010889 -992391 -8192 -3375164 -1399316 -1569299 7164338 9769685 5925279 524288 -678778 64 -2178901 -1185945 -3415515 1796175 9722750 5622878 -713324 -3143107 -10805 -654060
291 493 999 404 719 936 389 189 224 120 94 26 488 146 992 441 639 369 236 3 9 188 1 643 253
1000 25
-8428111 -4656885 -6816427 4467006 6920992 -6931694 7344390 872056 -2358660 6996972 -4445481 -1485563 -6563544 -7128203 1739672 -5318689 5207601 5858602 -6156151 -781568 -8687307 6415137 2364105 8678468 6626092
222 684 351 707 337 290 232 977 861 262 777 952 427 256 901 572 607 550 533 987 212 465 826 215 413
1000 25
-793407 -3877536 -2539434 -1470240 -5699456 7596206 -9266961 2319002 -8415108 3781501 1439852 8260917 4256311 -8724979 853480 -1287857 -3582344 -3100613 5376461 9262856 3136962 -7873256 2781099 8685150 -4474399
932 455 765 844 202 165 38 821 125 456 849 131 349 82 921 902 473 634 249 63 495 160 741 124 286
1000 5
-1 -8388608 -65536 524288 64
999 206 936 872 968
1000 25
-128 38567 1 1149454 -3906675 -7048743 5364868 2914462 -4916120 2797665 1431243 -5908302 6314368 -524288 540524 1190301 -9682211 6981885 -1732118 65536 359447 7537987 8778815 4004022 5093566
984 785 999 60 251 296 98 422 68 419 728 22 351 488 918 66 182 239 7 968 107 136 111 474 252
1000 25
-1488600 808190 4280535 2878977 4431411 -1880762 1731039 1454340 -524288 3278482 -1390739 137372 1 1045871 -4072591 65536 -2631715 -4772783 179836 -512 -833486 -9053195 -4510382 -2961768 -318873
395 224 480 30 74 60 629 187 872 404 664 564 999 690 387 968 825 501 449 984 176 543 505 569 509
1000 25
2424157 -1024 8122510 -4130885 131072 9322852 -1704220 92097 -6161436 -6473012 8328322 -524288 3935892 9584747 4923113 5646146 -7448970 1 639178 -2215273 6115624 5404186 -3154967 -643622 -319199
511 984 106 571 968 108 150 548 562 583 239 744 347 354 20 221 681 999 159 347 590 102 240 714 297
1000 25
524288 2910588 1818814 -4085742 -3681790 1193775 -1503717 -32768 -7007676 -2617537 2645345 -1219122 2819631 6193827 -4449703 -4924096 -4866145 1093221 3725935 504128 -7895937 3710914 -1 -4682765 512
488 56 178 69 168 418 400 968 65 227 262 849 169 317 333 122 211 161 329 309 215 21 999 29 984
