25
10 20
1 2 3 4 5 6 7 8 9 10
4 0
8 0
5 1 5
1 0
4 1 4
7 0
7 1 7
6 1 6
3 1 3
9 1 9
2 0
10 0
9 0
10 1 10
3 0
1 1 1
6 0
8 1 8
2 1 2
5 0
3 20
1 1 1
3 1 3
2 2 2 1
2 1 2
2 1 1
3 3 3 2 3
1 2 2 3
3 2 3 2
3 3 3 1 1
1 1 1
1 1 3
2 1 1
2 0
3 3 2 2 2
3 0
1 3 2 1 1
1 5 2 2 3 2 1
3 0
3 0
3 1 3
3 2 2 3
1 1
2
2 0
3 5
1 1 1
1 0
2 0
1 1 2
2 2 2 1
1 3 2 1 2
2 20
12 20
17 4 20 6 3 11
8 1 7
2 1 10
18 3 10 11 6
12 2 15 1
16 1 11
7 2 2 15
14 1 18
1 3 18 19 17
10 1 19
13 1 5
3 2 4 14
19 2 16 12
15 2 18 4
20 2 5 8
5 3 10 16 20
4 1 3
11 2 8 9
9 1 2
6 3 12 13 9
3 20
2 1 3
2 0
1 3 1 2 1
3 0
3 2 1 1
3 3 1 3 2
2 1 3
2 0
1 2 2 3
1 1 3
3 2 1 1
2 2 3 3
1 0
2 1 3
2 2 3 1
1 1 2
1 1 1
2 3 3 3 2
3 0
1 2 1 2
2 1 1
20 15
1 2 1 1 3 1 2 5 5 4 3 2 3 4 5 4 5 2 1 2
1 1 3
5 1 3
4 2 1 3
1 1 1
2 1 1
3 2 5 1
1 1 4
3 0
1 2 5 4
5 2 2 1
5 3 2 4 3
3 1 5
3 0
3 2 4 2
1 1 3
2 20
2 4
3 2 4 1
2 2 1 1
3 2 3 1
1 2 1 4
1 1 1
4 0
2 3 1 1 2
3 2 2 3
2 1 2
4 1 1
3 3 4 3 4
3 2 4 4
2 0
1 2 4 3
3 2 1 4
2 3 3 1 1
4 1 4
1 1 3
3 1 2
3 6 1 4 4 3 2 3
1 1
2
2 3 1 2 3
3 10
1 2 2
1 2 2 1
1 4 1 2 1 2
2 1 1
2 1 1
2 0
1 3 2 1 1
2 0
2 1 2
1 2 1 1
2 0
3 19
1 1 1
1 0
1 0
1 0
1 0
1 0
1 0
1 1 1
1 1 1
1 1 1
1 1 1
1 1 1
1 1 1
1 1 1
1 1 1
1 1 1
1 2 1 1
1 2 1 1
1 2 1 1
1 2 1 1
2 9
13 13
13 1 13
13 1 13
13 1 13
13 1 13
13 0
13 1 13
13 0
13 2 13 13
13 0
2 15
1 2
3 1 3
1 1 2
1 0
2 1 3
3 0
2 0
3 2 1 3
3 0
1 1 1
1 3 3 2 2
3 1 3
2 2 1 3
2 0
2 2 3 2
2 2 2 3
3 20
3 4 4
1 3 2 1 4
3 3 4 1 3
2 1 1
3 1 3
2 1 1
1 1 1
1 1 3
4 2 2 3
3 3 4 4 4
2 1 3
3 1 3
2 3 2 4 4
1 4 1 4 4 4
2 2 2 1
3 1 4
4 1 1
2 3 4 3 4
2 1 4
1 1 4
3 3 3 3 1
1 4
1
1 0
1 2 1 3
2 0
3 1 2
1 1
2
1 3 1 2 3
3 3
1 1 1
1 0
1 0
1 0
2 20
1 1
1 0
2 2 2 3
1 0
1 1 3
3 2 3 1
2 0
1 2 1 1
3 0
3 2 1 1
1 2 3 1
3 2 2 2
1 0
1 3 3 1 3
2 0
1 0
2 0
1 1 2
1 2 3 2
3 0
2 2 3 3
2 10
2 2
6 2 4 4
1 1 2
1 1 6
4 3 1 6 1
5 1 4
1 3 6 6 4
4 2 6 1
4 0
6 3 5 1 2
2 1 4
1 20
5
11 2 10 20
9 1 11
14 1 9
13 1 14
3 1 13
6 3 8 13 3
16 1 6
15 1 16
20 1 15
7 1 20
17 2 20 7
8 2 15 17
10 1 8
1 1 10
2 1 1
18 1 2
19 2 9 18
4 3 18 19 6
12 1 4
5 2 2 12
1 2
2
2 0
2 1 2
2 13
2 2
2 1 2
2 2 2 2
2 0
2 0
2 0
2 0
2 3 2 2 2
2 0
2 1 2
2 1 2
2 0
2 1 2
2 1 2
3 15
3 3 2
2 1 2
2 3 1 1 2
3 0
3 4 1 3 1 2
3 0
3 0
2 2 1 3
2 0
1 0
1 0
3 2 1 3
1 0
2 1 2
1 0
3 2 1 2
23 5
1 2 4 3 3 3 3 4 2 3 4 1 3 4 4 1 4 3 3 1 3 2 1
4 1 3
3 0
4 2 4 1
4 2 1 1
3 1 2
1 1
2
1 1 1
