25
23 5
4 4 1 4 4 1 4 4 2 3 2 3 1 1 1 4 4 3 2 3 4 1 3
3 2 2 2
2 1 4
2 2 2 4
3 1 2
3 0
1 1
2
1 3 1 2 3
1 2
2
2 0
2 1 2
1 4
1
1 0
1 2 1 3
2 0
3 1 2
2 20
17 16
6 3 3 16 14
17 1 6
4 1 17
8 1 4
12 1 8
10 1 12
13 2 6 10
3 1 13
7 1 3
5 1 7
20 2 2 5
19 1 20
15 1 19
14 2 20 15
1 2 10 14
18 1 1
9 1 18
2 1 9
11 1 2
16 3 3 11 7
20 15
2 3 3 5 4 4 3 5 1 4 3 4 3 2 5 1 5 5 5 3
3 1 1
1 0
1 0
2 1 1
3 0
2 0
2 1 3
2 1 5
4 5 4 3 4 1 5
5 2 5 5
1 1 1
3 3 1 1 3
4 3 2 1 1
5 1 1
4 1 4
2 20
1 1
2 1 1
2 1 3
1 1 2
3 0
1 2 1 3
3 3 2 3 3
3 1 1
3 2 1 1
3 3 3 2 1
2 1 3
2 2 2 1
1 1 3
1 2 1 3
2 4 1 3 3 3
2 2 2 1
3 0
2 3 3 1 3
3 2 2 3
1 0
3 1 3
1 1
2
2 0
2 20
3 2
3 1 2
1 2 1 4
4 1 4
4 2 2 1
2 0
3 1 4
1 1 1
2 2 1 2
1 2 2 1
3 3 2 1 3
3 1 1
2 1 3
2 1 3
1 0
3 1 1
1 1 3
3 1 3
2 1 4
3 0
4 1 1
2 15
3 3
3 0
1 0
3 4 2 1 2 2
3 1 2
1 1 3
1 1 2
2 0
1 1 3
1 0
3 2 2 1
2 1 1
3 2 3 1
2 2 1 3
2 2 2 2
2 1 3
3 3
1 1 1
1 0
1 0
1 0
3 10
2 5 6
6 0
1 0
1 3 3 2 1
4 3 4 1 6
3 1 5
5 3 2 6 3
5 2 5 1
4 2 2 6
1 4 5 2 4 4
4 1 5
3 15
2 2 3
1 0
3 0
2 0
2 0
3 2 2 1
2 2 2 3
3 4 1 3 2 2
3 2 2 2
2 1 3
3 2 1 1
3 2 1 2
1 1 3
2 2 2 1
3 5 2 3 1 1 1
2 0
10 20
1 2 3 4 5 6 7 8 9 10
4 0
7 0
8 0
2 0
2 1 2
6 1 6
5 1 5
1 0
9 0
5 0
1 1 1
7 1 7
3 1 3
4 1 4
9 1 9
3 0
10 0
6 0
10 1 10
8 1 8
2 13
2 2
2 0
2 1 2
2 1 2
2 3 2 2 2
2 0
2 1 2
2 0
2 2 2 2
2 0
2 0
2 0
2 1 2
2 1 2
3 20
2 3 1
2 1 1
2 2 2 1
2 0
1 2 1 2
2 1 1
1 3 1 2 2
3 2 1 2
3 2 2 2
3 2 1 3
3 2 2 3
2 0
1 3 2 3 2
3 2 1 1
3 1 2
1 2 3 2
1 1 3
3 0
3 0
3 1 2
2 0
3 19
1 1 1
1 0
1 0
1 0
1 0
1 0
1 0
1 1 1
1 1 1
1 1 1
1 1 1
1 1 1
1 1 1
1 1 1
1 1 1
1 1 1
1 2 1 1
1 2 1 1
1 2 1 1
1 2 1 1
2 9
13 13
13 1 13
13 2 13 13
13 1 13
13 0
13 0
13 0
13 1 13
13 1 13
13 1 13
3 5
2 1 1
2 0
2 1 2
2 2 1 1
1 2 1 2
1 1 2
1 1
2
2 3 1 2 3
1 1
2
1 1 1
4 20
1 2 3 2
3 2 3 1
1 2 1 3
1 3 1 3 1
4 0
3 2 3 4
2 2 1 3
2 3 3 3 1
1 1 1
3 1 4
4 2 4 3
1 1 3
4 5 1 3 4 3 2
3 1 3
2 1 2
3 1 3
2 3 3 1 2
3 0
3 1 3
2 1 4
4 1 3
3 10
1 2 1
1 1 1
1 1 1
1 0
2 3 2 1 2
2 1 2
2 2 2 2
2 0
1 3 2 1 2
1 2 2 1
2 1 1
4 20
1 1 1 2
3 5 1 3 1 3 1
1 1 1
3 0
2 2 1 1
2 1 1
1 0
2 3 3 2 3
2 2 2 3
1 1 1
2 1 1
2 2 1 1
1 1 3
1 1 2
3 2 2 1
3 2 3 3
1 2 3 2
1 0
3 0
1 0
1 0
2 20
16 4
3 1 7
4 1 8
1 1 2
6 2 11 17
12 3 8 14 6
11 2 6 16
20 3 13 15 11
10 3 5 13 19
2 2 12 9
14 2 14 3
5 1 1
7 2 12 15
17 1 5
8 1 10
19 2 12 6
16 2 8 18
15 3 12 15 13
9 4 5 20 14 18
18 1 12
13 1 4
