25
23 5
2 1 4 2 3 3 1 4 1 1 3 3 4 1 1 4 2 1 2 2 4 3 2
3 1 2
3 2 1 3
3 1 1
1 2 3 1
3 0
1 20
3
1 0
1 2 1 1
1 1 1
1 3 3 1 2
2 3 2 2 1
3 1 1
2 2 3 1
3 0
2 1 3
1 0
1 0
1 2 1 2
3 3 3 1 2
1 2 2 3
1 2 3 3
2 0
3 0
3 1 2
2 1 2
2 0
1 2
2
2 0
2 1 2
3 3
1 1 1
1 0
1 0
1 0
1 1
2
1 3 1 2 3
3 5
1 1 2
2 3 2 2 2
1 0
2 0
2 1 1
2 2 2 1
1 20
4
12 1 19
8 1 12
11 1 8
20 3 10 20 11
10 1 20
18 1 10
2 2 12 18
15 1 2
5 1 15
19 2 15 5
1 2 13 19
16 2 9 1
17 1 16
13 1 17
14 1 13
3 1 14
7 1 3
6 1 7
9 3 3 6 5
4 2 2 9
1 20
4
3 1 2
3 1 4
4 0
3 2 2 2
4 2 1 2
2 2 4 3
4 2 4 2
1 1 3
3 2 2 4
4 1 2
1 0
1 1 3
2 1 4
2 0
3 3 1 3 2
4 2 1 2
4 3 2 3 3
1 4 3 2 1 1
1 1 1
2 0
7 20
2 2 1 2 1 2 4
3 0
3 1 3
3 1 1
4 1 4
3 2 3 3
1 4 3 1 1 4
2 0
4 1 4
4 1 2
4 1 2
4 0
2 0
4 1 4
3 1 2
2 1 1
1 4 3 2 2 1
2 1 4
3 1 2
1 1 1
4 1 3
3 10
1 1 2
1 1 1
2 1 1
1 1 2
1 0
1 3 1 2 1
2 2 1 2
1 1 1
2 1 2
1 2 1 1
1 2 2 1
3 20
3 2 3
2 1 2
2 1 3
3 2 1 1
2 1 2
3 1 3
3 0
1 3 1 2 3
2 2 1 2
1 0
2 2 1 2
3 0
3 1 3
1 3 3 3 1
2 1 3
3 2 1 3
2 3 2 1 2
1 3 2 2 1
3 0
1 0
3 1 1
2 20
3 2
2 0
3 0
2 0
2 0
3 1 3
3 1 1
3 0
3 1 1
3 1 3
1 2 3 3
1 2 1 2
3 1 3
2 1 3
1 1 2
2 1 2
2 0
3 2 3 2
1 2 3 2
2 1 2
3 1 2
2 9
13 13
13 1 13
13 1 13
13 1 13
13 2 13 13
13 1 13
13 0
13 0
13 1 13
13 0
20 15
5 4 2 1 3 1 1 3 4 5 3 4 1 3 3 3 1 3 4 2
1 3 4 3 5
1 1 1
4 1 5
1 2 2 5
4 2 5 2
4 0
3 1 3
3 3 5 3 5
2 0
1 1 1
3 1 2
3 1 2
1 2 5 5
1 0
1 2 4 5
2 13
2 2
2 1 2
2 1 2
2 1 2
2 0
2 0
2 0
2 1 2
2 3 2 2 2
2 1 2
2 2 2 2
2 0
2 0
2 0
10 20
1 2 3 4 5 6 7 8 9 10
5 1 5
9 0
4 0
6 0
5 0
6 1 6
1 0
9 1 9
8 1 8
8 0
4 1 4
7 1 7
3 0
2 0
10 1 10
1 1 1
10 0
7 0
3 1 3
2 1 2
2 20
5 15
19 1 7
18 2 8 16
13 1 14
16 3 17 16 14
4 2 7 12
6 4 13 13 4 1
14 2 6 13
3 1 10
20 2 9 3
7 3 14 5 18
17 1 2
11 2 2 19
1 3 4 11 13
5 1 1
8 3 13 15 20
15 1 6
9 1 5
10 1 17
12 1 8
2 3 12 9 18
1 15
2
2 2 2 3
2 1 1
3 4 1 3 1 1
2 1 1
1 2 3 3
1 5 1 3 1 2 3
2 1 2
3 4 1 1 1 1
2 2 2 3
2 3 1 1 3
3 2 3 3
1 1 3
1 4 2 2 1 1
2 3 1 1 1
2 2 3 1
1 1
2
1 1 1
1 1
2
2 3 1 2 3
1 1
2
2 0
1 4
1
1 0
1 2 1 3
2 0
3 1 2
4 15
1 2 1 2
3 3 2 2 2
2 3 3 2 1
2 3 1 1 1
3 6 2 3 2 3 2 2
3 2 1 2
1 2 1 2
3 2 3 1
3 3 1 1 2
2 2 1 3
1 4 2 1 1 1
3 1 1
1 0
3 2 1 2
3 2 3 1
3 1 2
3 19
1 1 1
1 0
1 0
1 0
1 0
1 0
1 0
1 1 1
1 1 1
1 1 1
1 1 1
1 1 1
1 1 1
1 1 1
1 1 1
1 1 1
1 2 1 1
1 2 1 1
1 2 1 1
1 2 1 1
2 10
6 6
2 2 1 3
4 1 5
4 0
3 1 6
4 0
6 1 2
6 1 4
4 4 1 3 2 6
1 3 4 3 4
5 2 4 1
