50
10
0.87 0.99 0.31 0.24 0.40 0.52 0.38 0.62 0.28 0.98
0.78 0.07 0.45 0.56 0.55 0.48 0.92 0.47 0.12 0.79
10
0.17 0.87 0.74 0.13 0.30 0.96 0.09 0.52 0.83 0.70
0.35 0.91 0.61 0.65 0.78 0.48 0.43 0.26 0.22 0.57
4
0.53 0.33 0.20 0.40
0.60 0.67 0.73 0.93
10
0.77 0.94 0.76 0.86 0.83 0.93 0.88 0.82 0.79 0.73
0.60 0.08 0.25 0.44 0.19 0.04 0.43 0.45 0.11 0.39
1
0.7
0.1
1
0.5
0.8
7
0.46 0.51 0.22 0.41 0.68 0.02 0.20
0.54 0.10 0.63 0.17 0.56 0.59 0.95
10
0.56 0.28 0.07 0.76 0.47 0.41 0.75 0.88 0.54 0.90
0.37 0.25 0.72 0.57 0.06 0.10 0.79 0.68 0.12 0.44
2
0.8 0.2
0.4 0.6
3
0.14 0.32 0.09
0.41 0.50 0.77
8
0.21 0.52 0.12 0.76 0.06 0.70 0.48 0.39
0.55 0.61 0.45 0.97 0.91 0.09 0.85 0.64
6
0.19 0.08 0.69 0.75 0.02 0.15
0.85 0.46 0.31 0.73 0.54 0.40
10
0.26 0.08 0.14 0.18 0.17 0.59 0.09 0.34 0.07 0.47
0.99 0.78 0.75 0.79 0.72 0.71 0.60 0.64 0.97 0.73
10
0.71 0.04 0.51 0.42 0.76 0.22 0.98 0.29 0.82 0.64
0.07 0.15 0.36 0.18 0.20 0.11 0.13 0.78 0.58 0.24
1
0.67
0.25
10
0.96 0.63 0.57 0.68 0.06 0.65 0.12 0.07 0.41 0.18
0.15 0.62 0.03 0.50 0.76 0.97 0.79 0.54 0.19 0.51
8
0.17 0.33 0.77 0.67 0.57 0.27 0.40 0.83
0.73 0.07 0.23 0.50 0.10 0.70 0.90 0.97
10
0.67 0.97 0.92 0.13 0.66 0.36 0.02 0.95 0.53 0.62
0.46 0.15 0.82 0.18 0.44 0.09 0.88 0.68 0.26 0.05
10
0.17 0.05 0.73 0.43 0.22 0.68 0.08 0.70 0.12 0.95
0.58 0.38 0.63 0.53 0.20 0.40 0.55 0.45 0.27 0.65
4
0.62 0.38 0.24 0.90
0.10 0.57 0.95 0.29
3
0.25 0.41 0.28
0.66 0.47 0.62
10
0.77 0.99 0.97 0.86 0.73 0.69 0.82 0.76 0.83 0.93
0.25 0.67 0.22 0.66 0.37 0.62 0.51 0.08 0.47 0.50
10
0.126 0.165 0.621 0.243 0.398 0.583 0.602 0.612 0.350 0.456
0.932 0.699 0.631 0.835 0.971 0.757 0.922 0.854 0.883 0.903
10
0.53 0.64 0.69 0.57 0.95 0.76 0.74 0.86 0.54 0.72
0.47 0.04 0.34 0.17 0.14 0.44 0.21 0.36 0.45 0.29
1
0.1
0.4
10
0.28 0.25 0.96 0.52 0.14 0.11 0.74 0.05 0.79 0.99
0.60 0.75 0.87 0.42 0.41 0.07 0.67 0.34 0.55 0.27
10
0.79 0.52 0.67 0.83 0.63 0.60 0.94 0.70 0.95 0.73
0.44 0.19 0.02 0.10 0.49 0.32 0.33 0.22 0.24 0.29
4
0.75 0.79 0.61 0.82
0.21 0.36 0.14 0.07
10
0.12 0.31 0.22 0.21 0.90 0.99 0.19 0.85 0.43 0.60
0.87 0.96 0.15 0.46 0.71 0.69 0.65 0.66 0.72 0.91
10
0.75 0.86 0.58 0.77 0.97 0.59 0.60 0.73 0.88 0.26
0.34 0.53 0.04 0.80 0.96 0.03 0.47 0.12 0.14 0.13
10
0.881 0.927 0.899 0.872 0.789 0.734 0.917 0.761 0.954 0.706
0.697 0.321 0.560 0.440 0.358 0.193 0.064 0.404 0.422 0.211
10
0.72 0.85 0.68 0.57 0.74 0.64 0.83 0.77 0.47 0.96
0.06 0.26 0.43 0.34 0.17 0.28 0.19 0.40 0.21 0.04
10
0.68 0.79 0.04 0.49 0.96 0.95 0.98 0.39 0.81 0.33
0.82 0.65 0.09 0.23 0.91 0.40 0.02 0.61 0.89 0.63
9
0.50 0.92 0.63 0.79 0.11 0.42 0.29 0.84 0.39
0.24 0.55 0.21 0.26 0.05 0.03 0.74 0.47 0.18
10
0.64 0.67 0.07 0.85 0.87 0.88 0.32 0.35 0.31 0.54
0.24 0.16 0.29 0.98 0.17 0.13 0.30 0.14 0.95 0.86
8
0.69 0.18 0.62 0.21 0.64 0.05 0.54 0.49
0.10 0.97 0.74 0.08 0.38 0.87 0.36 0.15
9
0.11 0.79 0.08 0.39 0.37 0.87 0.18 0.68 0.89
0.29 0.47 0.53 0.63 0.95 0.32 0.24 0.05 0.21
1
0.6
0.1
10
0.46 0.32 0.11 0.50 0.18 0.36 0.04 0.21 0.29 0.07
0.54 0.93 0.86 0.82 0.64 0.57 0.61 0.68 0.75 0.71
10
0.15 0.20 0.73 0.17 0.58 0.25 0.54 0.38 0.30 0.04
0.62 0.48 0.35 0.23 0.70 0.13 0.46 0.39 0.79 0.07
10
0.103 0.282 0.932 0.256 0.077 0.376 0.274 0.265 0.060 0.145
0.709 0.094 0.308 0.564 0.350 0.615 0.897 0.325 0.368 0.214
6
0.23 0.12 0.49 0.63 0.93 0.77
0.58 0.53 0.42 0.84 0.40 0.33
10
0.54 0.31 0.77 0.40 0.80 0.57 0.43 0.49 0.06 0.26
0.51 0.37 0.91 0.94 0.09 0.83 0.20 0.63 0.60 0.66
7
0.85 0.17 0.90 0.33 0.49 0.98 0.26
0.83 0.87 0.68 0.18 0.45 0.05 0.13
5
0.61 0.50 0.68 0.71 0.39
0.29 0.74 0.55 0.82 0.05
10
0.72 0.90 0.92 0.54 0.78 0.44 0.62 0.67 0.42 0.81
0.22 0.31 0.06 0.19 0.14 0.40 0.38 0.36 0.35 0.15
10
0.64 0.41 0.05 0.32 0.86 0.73 0.91 0.23 0.50 0.09
0.27 0.36 0.14 0.68 0.95 0.77 0.45 0.82 0.59 0.55
10
0.82 0.57 0.93 0.70 0.79 0.55 0.80 0.97 0.75 0.77
0.03 0.24 0.45 0.29 0.20 0.32 0.09 0.16 0.23 0.37
10
0.316 0.188 0.333 0.291 0.214 0.179 0.197 0.145 0.419 0.231
0.641 0.658 0.692 0.906 0.795 0.444 0.915 0.607 0.718 0.983
10
0.31 0.62 0.10 0.69 0.59 0.45 0.41 0.03 0.72 0.28
0.21 0.55 0.97 0.76 0.52 0.86 0.38 0.17 0.34 0.66
