100
3 8
5 6 9 4 8 2 1 7
3 1
2
3 100
2 4 8 16 32 64 128 256 512 1024 2048 4096 8192 16384 32768 65536 131072 262144 524288 1000000 1000000 1000000 1000000 1000000 1000000 1000000 1000000 1000000 1000000 1000000 1000000 1000000 1000000 1000000 1000000 1000000 1000000 1000000 1000000 1000000 1000000 1000000 1000000 1000000 1000000 1000000 1000000 1000000 1000000 1000000 1000000 1000000 1000000 1000000 1000000 1000000 1000000 1000000 1000000 1000000 1000000 1000000 1000000 1000000 1000000 1000000 1000000 1000000 1000000 1000000 1000000 1000000 1000000 1000000 1000000 1000000 1000000 1000000 1000000 1000000 1000000 1000000 1000000 1000000 1000000 1000000 1000000 1000000 1000000 1000000 1000000 1000000 1000000 1000000 1000000 1000000 1000000 1000000 1000000 1000000
3 100
1 4 4 4 4 4 4 4 4 4 4 4 4 4 4 4 4 4 4 4 4 4 4 4 4 4 4 4 4 4 4 4 4 4 4 4 4 4 4 4 4 4 4 4 4 4 4 4 4 4 4 4 4 4 4 4 4 4 4 4 4 4 4 4 4 4 4 4 4 4 4 4 4 4 4 4 4 4 4 4 4 4 4 4 4 4 4 4 4 4 4 4 4 4 4 4 4 4 4 4
1000000 1
1000000
2 20
1000000 1000000 1000000 1000000 1000000 1000000 1000000 1000000 1000000 1000000 1000000 1000000 1000000 1000000 1000000 1000000 1000000 1000000 1000000 1000000
3 5
11 20 60 22 100
2 21
1000000 1000000 1000000 1000000 1000000 1000000 1000000 1000000 1000000 1000000 1000000 1000000 1000000 1000000 1000000 1000000 1000000 1000000 1000000 1000000 1000000
2 100
1000000 1000000 1000000 1000000 1000000 1000000 1000000 1000000 1000000 1000000 1000000 1000000 1000000 1000000 1000000 1000000 1000000 1000000 1000000 1000000 1000000 1000000 1000000 1000000 1000000 1000000 1000000 1000000 1000000 1000000 1000000 1000000 1000000 1000000 1000000 1000000 1000000 1000000 1000000 1000000 1000000 1000000 1000000 1000000 1000000 1000000 1000000 1000000 1000000 1000000 1000000 1000000 1000000 1000000 1000000 1000000 1000000 1000000 1000000 1000000 1000000 1000000 1000000 1000000 1000000 1000000 1000000 1000000 1000000 1000000 1000000 1000000 1000000 1000000 1000000 1000000 1000000 1000000 1000000 1000000 1000000 1000000 1000000 1000000 1000000 1000000 1000000 1000000 1000000 1000000 1000000 1000000 1000000 1000000 1000000 1000000 1000000 1000000 1000000 1000000
3 5
27 729 9 243 81
2 19
1000000 1000000 1000000 1000000 1000000 1000000 1000000 1000000 1000000 1000000 1000000 1000000 1000000 1000000 1000000 1000000 1000000 1000000 1000000
1 100
2 2 2 2 2 2 2 2 2 2 2 2 2 2 2 2 2 2 2 2 2 2 2 2 2 2 2 2 2 2 2 2 2 2 2 2 2 2 2 2 2 2 2 2 2 2 2 2 2 2 2 2 2 2 2 2 2 2 2 2 2 2 2 2 2 2 2 2 2 2 2 2 2 2 2 2 2 2 2 2 2 2 2 2 2 2 2 2 2 2 2 2 2 2 2 2 2 2 2 2
1 100
1000000 1000000 1000000 1000000 1000000 1000000 1000000 1000000 1000000 1000000 1000000 1000000 1000000 1000000 1000000 1000000 1000000 1000000 1000000 1000000 1000000 1000000 1000000 1000000 1000000 1000000 1000000 1000000 1000000 1000000 1000000 1000000 1000000 1000000 1000000 1000000 1000000 1000000 1000000 1000000 1000000 1000000 1000000 1000000 1000000 1000000 1000000 1000000 1000000 1000000 1000000 1000000 1000000 1000000 1000000 1000000 1000000 1000000 1000000 1000000 1000000 1000000 1000000 1000000 1000000 1000000 1000000 1000000 1000000 1000000 1000000 1000000 1000000 1000000 1000000 1000000 1000000 1000000 1000000 1000000 1000000 1000000 1000000 1000000 1000000 1000000 1000000 1000000 1000000 1000000 1000000 1000000 1000000 1000000 1000000 1000000 1000000 1000000 1000000 1000000
3 4
1 6 12 49
2 6
9 64 19 16 81 80
123496 73
7884 16521 804233 101116 690477 597359 37330 481786 178 201249 675107 77594 763879 327117 436360 1674 540772 5246 980 947204 10185 227026 459254 401222 30590 101138 205149 299581 673541 29554 257004 31778 8782 60170 44430 42839 558066 237383 153352 952 500055 908338 550561 1 38623 71617 415130 18831 841413 333023 222298 255465 329467 15897 814842 848868 912973 497119 15434 106952 957087 50925 33757 484891 26987 94674 31798 1810 438803 449575 48367 333896 30139
34 15
888142 943484 34736 730164 38370 757888 973479 488059 124782 148222 39425 464504 544636 344132 271311
25550 76
28740 46380 344567 410691 363071 356220 658359 81509 153920 866 152839 838243 300400 23 1194 179032 7593 404370 24543 85402 17972 92237 560229 950831 10126 12788 16665 917320 399790 266800 774055 775481 467323 475873 715143 3597 94807 128798 249554 122267 163065 624273 102745 867004 533955 651389 365973 23692 9363 955824 151425 595 3034 44936 235668 126000 522910 251636 58201 515262 748124 588972 154911 82905 872063 965651 817997 22020 739486 483022 355399 258313 28668 604902 208684 17111
182565 34
706957 27571 705216 630 384962 480777 41739 208289 581974 587461 652664 588605 242345 19887 72218 321125 29899 660329 399899 31387 494123 689002 528078 286581 165017 561157 610281 72547 11658 152401 83116 855586 868523 29606
1837 80
164050 84880 69 640970 634304 70 183478 831460 396370 406281 132658 333913 943317 595084 551469 572118 436439 177839 95812 577173 61960 22497 124862 906939 2866 101402 971601 310732 116432 409914 214442 157063 35081 653494 439373 305833 325197 365946 542274 220602 481009 450551 7108 410268 73265 852846 103021 70747 501028 487276 10095 145772 333751 525061 153385 430096 503 72392 192267 990110 273767 986035 892727 268385 661347 470372 36776 344637 331143 11528 401604 108242 906027 44714 558811 130991 113915 421645 36554 244040
72070 46
778629 197960 34292 389601 702607 988189 900631 597071 358708 84995 249634 25154 13213 437857 130735 140443 796212 247505 841424 804673 112714 250675 727683 153505 539674 213598 494306 180305 315765 33279 488917 586648 273732 692380 60992 67384 148895 898868 415974 593202 327178 885081 37331 81324 104396 531760
90088 20
437486 21721 287263 34396 683661 226508 790354 93651 33598 924103 211836 10621 248216 202255 446184 732184 914150 887491 2300 921700
70220 96
7770 568305 342409 208634 62213 36371 6438 913129 943457 342250 17756 75324 827355 779507 483407 338194 2811 51434 963503 941303 928814 528313 226519 795404 76638 165308 228282 51971 128759 3615 518214 122649 334365 942887 113175 908936 129198 13709 514633 542248 17278 47527 800641 797922 619289 468809 126342 31267 147376 512041 547702 78743 847782 4709 899190 338392 247532 38654 132650 54005 495753 499799 577270 379840 172500 419892 544291 911156 618362 448472 99372 551796 317490 969778 288483 30850 51893 55918 208900 52418 305696 867883 841229 733924 781387 113268 50042 117878 299 91268 11419 309119 377310 198667 142615 228416
4832 16
7045 169971 576842 13009 9280 580450 600679 919276 285768 385067 158489 103379 551901 91682 778633 787697
1892 31
11780 8552 407569 21029 390077 392213 334590 81990 86989 973832 368250 46359 872161 121277 928158 937668 88422 553190 908760 600701 148316 330298 65651 584605 742571 77240 276348 237437 52 365844 160486
26021 46
677309 208898 668113 815273 551103 873126 388355 876157 421476 126621 7930 37630 33037 10005 78723 168117 822928 763950 315620 10508 396117 146206 242019 61953 145 622621 2146 945999 690940 123036 60467 31646 135085 602204 72088 644769 930051 835634 232397 21742 761235 43658 57159 30001 637811 878299
27933 64
762730 427323 5330 885315 294606 645 291821 677356 45008 967637 769338 19190 48206 67318 435661 862241 449844 900896 122370 273945 204564 539719 1749 171041 443162 229136 249981 111060 4109 630160 41906 305546 455021 521563 96396 611 598163 128196 807798 31082 27774 170463 856242 456952 717311 326440 642045 563582 170271 47249 13717 967737 391509 28280 311607 216567 134629 918435 402 28913 814254 569470 25 57533
134472 37
25214 240720 162685 861370 974965 837796 22163 190554 77271 21 69193 5167 1451 17 4917 131496 344794 17913 4229 689426 118358 231770 431161 136987 7548 375023 577848 32349 523568 941578 25689 988957 14459 846 37683 967589 901120
49087 71
34671 387577 73741 284878 457098 212197 78634 114075 117476 811998 187244 87450 276357 5345 875731 201934 126167 331051 569511 310807 175068 135392 49740 795810 65020 644412 604654 135493 33583 3947 342965 7938 819967 194771 125534 4 28516 561441 272150 913721 783296 814021 147212 27562 338276 121453 212648 384556 70700 719107 20882 10198 876670 905786 78297 943032 945667 144676 403947 22902 367007 731605 282058 511053 312261 256783 189832 26332 23339 928791 85785
171892 66
887343 675426 6880 100916 1165 941296 643074 12463 4025 54719 375921 482483 553503 145844 42145 4920 759 28695 461908 702663 4083 411269 327 238596 719248 870727 638142 13385 127447 65672 53455 527719 735686 852739 60051 72746 726546 74442 964 3100 965320 382025 106824 851344 58281 64028 337541 719245 6008 260879 11498 39502 486206 151820 553400 173404 719311 52931 214105 560161 74495 8683 1798 7110 332908 153556
24702 28
621875 58109 907 79171 804673 190714 68081 571849 79926 174693 1053 457208 32779 313412 658174 585222 504899 240513 331539 615177 703120 768216 288829 141740 825229 8843 852550 396559
121076 53
62723 91504 75245 476367 31108 27055 1386 38242 15433 603713 360815 90175 153388 4492 18620 25029 34689 29 92974 418281 22489 18330 29663 29314 174359 496491 4161 16437 763405 884606 184924 73 15672 24091 875638 388611 322560 676460 189473 37788 13103 708939 8945 630865 483808 866197 937 644733 30803 45269 552963 443000 9819
108383 72
53594 841940 69848 8491 428093 185804 686018 578681 44311 139153 719560 12833 374035 567805 20434 148642 2569 364124 307562 326629 38687 14174 535572 524458 925344 684 316435 558918 58114 667738 24745 49801 229129 120420 49431 779560 21965 283322 117444 481205 785305 305007 688 53188 43622 14227 776000 690828 154255 711572 225176 755683 556248 364235 4485 773805 884993 8863 196338 3803 66857 581624 856178 59643 776856 879761 269157 772055 221854 520183 116834 851854
148556 66
96200 53459 524 34569 211763 987371 38099 882592 210427 174967 883610 362303 830770 733348 237415 267217 194011 241283 53545 24465 40671 101705 5594 15898 5069 810102 460471 571167 744688 62145 619278 12850 143872 930532 838064 62982 4237 18782 228256 596156 13376 262359 6532 106 32216 874851 25599 513557 952979 10946 516706 106048 957935 245551 606855 948655 798763 378669 660308 109000 619379 322242 50244 284734 831791 294140
2145 91
402433 816843 246091 450092 567586 813700 712 326611 948736 84046 709797 212102 176982 247520 7894 532747 67596 370360 835596 286511 33685 650675 334046 227278 854360 748846 144106 381453 439849 660977 20451 588726 49212 895670 234609 98596 765608 258003 149763 35914 646848 738486 287050 858280 202261 316763 12126 968173 110822 26822 615532 331464 239021 747774 140765 3179 31491 90441 651763 19119 9530 3593 486356 9460 625846 515851 34884 705414 255794 454061 425351 2240 487742 221 790409 563905 227 26969 304955 46605 440430 29459 412251 355409 44614 268532 179494 573571 43694 940784 772321
2 10
886124 910360 7 57126 108484 125309 73569 487398 13143 944113
20630 57
1853 3529 152801 380864 163308 898292 170116 377324 632180 71030 297195 129863 396 213551 325229 929400 538276 990008 514208 432414 129756 379583 764795 114357 755380 502448 28453 57691 198038 932168 94856 254069 591628 92105 55645 833999 450624 105905 354346 397717 79229 366143 96185 69418 233436 58671 21271 219834 65140 31146 485258 4619 952763 170827 518037 100574 240648
1370 91
304399 600767 310784 757590 710238 134997 218182 59643 203447 41013 157832 386545 1990 310128 459824 929491 415799 50737 79490 927730 519315 2571 255398 11861 425574 825312 183684 47053 612604 9089 21486 404530 889063 575568 45338 21320 774445 692958 106473 344019 520000 50839 144461 211049 215205 215928 65901 71327 955613 214209 238545 91584 35762 2053 848949 100851 741255 849882 21855 361819 59190 662696 6253 64847 721934 1726 3641 452988 767378 795724 196612 593830 3923 12704 805440 10335 763034 113330 449953 23671 54177 156870 722431 179410 830610 374792 53387 470173 623680 831765 306908
150893 65
537877 2813 38975 116927 13633 257498 4568 17664 318775 875640 165981 355727 247664 398716 457489 709661 977492 820388 442148 176554 75660 736063 831227 224420 127959 207865 179869 654554 777622 13840 125840 333965 163618 503470 723208 237165 214692 604884 302964 734618 313471 279 971059 223689 37754 278662 492536 75088 432352 11809 405939 77139 28184 904497 36437 17293 392016 887917 728365 922676 176348 133033 49174 2247 321283
171341 64
102213 758280 4905 198313 7043 120304 961126 416758 40870 546003 6085 34543 893672 524512 267357 91485 38764 580684 819101 143363 819103 386666 67548 25206 363987 82875 38128 369545 39358 79373 248475 318943 701534 215534 9838 73849 696977 518102 5955 6017 623943 39630 469568 137305 723700 220031 627396 10492 296122 626188 24661 3133 335505 684580 760798 50229 32216 736506 188549 52513 95782 2599 3139 517
179632 24
2738 19124 564508 274457 296973 577584 182881 21906 876115 160348 508438 46073 165287 7280 5945 111704 135682 354285 387284 997532 385 367215 260302 364127
861 36
400039 682612 164594 145991 829585 317830 765274 95626 79694 393215 194900 33048 3 510802 15891 301070 795623 238480 824684 983827 113570 462302 420971 248019 90255 724686 242661 387269 32391 5541 593607 48292 3251 57122 450719 270492
5705 35
847892 45215 987612 274144 51172 515716 726790 101088 58 15501 16160 202 167 168811 530233 356635 35991 1697 822148 8195 42220 30475 489737 110686 958444 273558 713925 264794 4639 658195 703224 30362 338583 48505 720
15119 48
234169 4249 10410 546185 93109 680086 521229 25946 90845 18928 995745 329272 162438 134494 580912 197410 220547 2 73706 53818 605863 870153 70901 32469 21116 537 957618 999173 840755 91949 726106 498924 454484 558543 2333 455158 229720 101277 612172 450720 326995 5790 660902 702238 721229 981174 626211 88988
4700 91
383538 467287 8394 448960 1414 861455 132844 6928 129736 769092 591987 589938 923487 765000 803511 837800 1636 1463 101959 453803 426003 281519 609569 563210 27416 48007 410492 639537 414789 453254 156812 902622 150868 198260 351621 703678 565177 184596 50320 22304 128564 31738 17040 15931 84969 117471 843643 917889 461561 555901 117977 514495 682946 292473 449750 8936 17504 40379 734513 169 94907 775198 796371 35313 946771 19602 507480 8037 194851 156121 73143 41828 49980 111239 772769 446943 558813 6785 463203 430699 479084 316 207257 46861 12656 667485 465131 137934 172677 885468 553
33319 69
113847 548159 793119 870314 933843 822809 100454 112272 613206 444987 372550 867065 962028 924111 837819 13225 568257 103666 619264 83871 709230 588473 154394 8845 392758 296935 787585 41231 696726 52796 192738 312097 438450 412897 672279 15635 60153 528696 14081 809674 2975 832319 576323 531864 145575 4454 372180 261500 562052 1202 593215 3897 671269 261436 437642 75380 178393 380591 810517 111879 103112 7028 77939 25960 517945 62954 15162 913264 514502
3523 42
60500 576959 367551 11348 95269 465362 7116 292742 129477 58653 12045 699 16323 237060 148014 221 104669 614900 1007 291562 271226 89 782985 895502 977683 57923 781091 6139 219607 37045 119525 987298 698825 33443 64058 732529 481164 819344 481309 656684 44189 106548
173820 28
638 861116 371673 647225 202535 680160 109946 86698 6530 102458 2575 226065 41334 718529 19436 211605 228953 675317 3156 633130 12530 988954 508084 5852 483105 753887 173538 593599
167395 49
801666 451771 158810 797832 76505 112402 373227 53072 680651 137315 93082 886925 518719 936311 653831 923567 128670 339447 30956 70340 209164 330196 216057 175093 377313 109229 83528 919627 515556 464706 100391 142783 378 222209 350 6195 21752 309466 858875 92826 820294 684431 326775 439326 4368 663756 475353 77592 541114
216049 18
412107 79259 17788 566592 823264 144591 676162 657408 703282 9046 283801 59108 171931 541507 258781 718303 240174 101622
9083 93
820174 438781 384881 998605 611720 8016 551661 127644 954892 17550 689750 262203 567619 418102 5911 593385 568 779253 619988 362371 39954 111455 177780 900113 511906 227417 152143 671341 421722 965149 491483 990825 11313 664720 297582 3902 18301 651659 56068 15491 29463 794620 316316 598946 2200 354824 739171 857531 927204 92412 21128 22243 933088 636951 340337 23655 39956 656698 873625 175107 402864 57782 318800 181147 945179 3699 697148 315192 14896 12618 345061 735510 937879 510351 550429 23004 261485 791307 111515 28842 328574 895694 172815 916789 420391 843862 332493 175888 41708 747047 145535 806272 96655
50620 27
404150 40919 63213 454736 441164 11648 82132 474115 756838 449079 124619 104032 932128 449338 314 628911 25606 704432 67570 6590 998941 367518 24324 645808 126979 56971 259676
95562 80
106403 322617 695794 449101 121380 92264 158071 69465 132954 68331 831283 170812 340992 177806 936922 212194 127388 634211 189835 5023 119887 374571 656177 350800 434386 578695 167078 241339 560654 446646 1012 207 755260 819961 314014 160147 848750 67587 344942 50279 83451 278254 479598 688866 666172 699921 521483 480962 265383 314105 189968 44186 692432 541011 801642 28644 152130 362875 459428 840773 148300 721109 729510 343472 740 509445 296502 495357 10778 109868 154236 526086 37277 28457 71751 69201 208066 34734 940502 195894
31346 91
265839 44 17165 83551 69755 84897 268044 875261 59443 37576 277447 661854 457854 348309 90267 153930 222348 345197 766823 21495 44711 270618 109032 749429 653750 787063 241489 6034 123984 202853 293466 853120 438332 389880 544714 20523 6392 167430 627075 475603 47152 785286 30057 118151 701629 310608 135634 217743 13 86700 2930 2018 142976 156906 45729 42170 734931 954602 508004 172951 55 548623 391751 178841 342286 12059 428963 862645 410862 384368 839477 7286 886698 201677 988 524963 32680 255193 982773 5134 184061 559856 117067 9983 484016 391113 203604 36263 15671 518325 37893
16 72
5423 829866 102046 401 395899 129513 35946 30798 178498 692001 816046 590187 12417 435 7563 868356 360793 8692 519187 61683 152361 499536 508922 220495 132830 623837 586259 195483 65857 302274 22486 39516 144357 131 224269 984382 988572 422413 14774 175872 172 478803 61636 163074 865197 602361 858415 155056 237653 245171 52276 512600 765181 706376 445881 6196 380262 663457 437400 51388 208918 97211 153773 701140 271959 372469 160434 399452 716508 821154 165487 225609
35799 30
602890 1165 594333 303111 106544 2041 115814 177008 786414 16952 372145 709003 44395 456280 492 528 552557 137215 19891 9355 16708 195798 173332 511900 413628 815523 380958 113720 919227 55185
230266 57
78374 141678 442991 540615 137551 505911 656271 51877 562265 792845 3895 379194 54619 664345 415701 675778 9624 102002 5028 17912 323413 629410 76762 549785 975589 648567 378108 97656 462994 978642 938690 84661 808099 1511 195569 747601 343863 808269 293166 41953 31223 697232 736538 684135 536428 4903 46853 64046 447845 582946 158003 28171 258297 647752 326500 904654 819486
37816 98
96147 44242 409752 5611 655568 538945 279333 260146 138986 232869 98677 208560 684465 400831 74941 89851 1470 450210 655846 74799 31059 215333 854391 234721 6028 366124 79618 755366 875909 86479 52119 428253 706661 535185 706055 13602 45785 19757 5762 18216 35 113752 10593 78444 3605 119874 139640 236960 913905 1056 50204 160030 211532 71473 797351 4200 654 401162 676046 434822 376380 26890 334734 995910 53 17063 547562 60707 660466 968839 1536 745937 761074 148136 663219 811033 299 923835 1144 664917 873901 651 54700 339600 115734 781212 799153 814814 652525 377054 810872 198908 926426 320329 287794 718194 131402 452454
201216 98
117932 17668 257323 253059 546664 443624 138973 30587 48896 218338 60615 105427 286124 35038 579479 702760 238708 418064 351425 2190 717465 704132 22534 329260 778258 51347 223985 24243 593801 279915 274781 94980 211199 104048 78 734069 985052 3423 994965 474530 488216 885582 966703 806036 431223 73074 14605 40601 10534 188960 366674 145169 3924 368002 192339 21661 17985 327214 997909 547284 573805 394202 72747 77616 903454 55776 372229 887676 872276 492581 44730 236918 253932 96946 156772 545209 437941 204021 220205 372419 664421 608495 811655 42342 438700 12764 10066 8477 876067 78666 660692 8670 835451 974913 129483 411458 672831 367666
218662 32
905165 986 299992 5961 431267 78454 4727 766092 459725 29646 270590 127420 240827 659811 18927 118916 144373 227695 273056 49565 489524 315510 845796 214955 78 993 36557 214785 317385 158946 267795 274157
239868 11
217735 10868 218708 37181 388687 59 750520 973852 118776 9446 65253
112575 36
502684 632415 35036 304557 324176 312645 995728 113378 454692 13962 825012 535653 457314 138694 3215 653 5 822793 381698 100244 17168 19431 616659 331091 94936 369479 500778 224580 23 113101 520445 21734 12649 868092 116115 889643
45786 20
69182 495590 384399 831330 719762 69307 219889 1171 342209 912601 453065 23347 11976 383708 22869 600060 246284 481991 22372 836098
27129 29
16680 414893 821748 941946 795843 943961 530002 948 382013 706486 245911 309616 42358 49426 724761 40697 377117 6 18972 33960 77307 835370 773849 48154 721495 139252 24970 753068 465638
42467 29
732634 870575 172290 6489 61186 245350 2505 709286 684727 187182 723863 283964 936604 27170 10915 39576 100415 564915 268642 341062 6039 176977 512963 234681 41708 40373 702796 188398 23566
3123 43
329408 37194 517138 270795 23092 404 997371 337246 8369 13559 836337 9710 780024 8404 968745 218980 378043 355651 305937 278729 498042 283814 587030 152505 468768 157171 268734 1636 784431 271489 278148 40247 22114 855961 544699 263724 100391 89761 520620 74340 999713 638704 388602
149667 75
2588 407253 683237 88602 792625 1375 82284 1961 781065 405721 11142 59248 12499 184826 47883 317112 102568 116352 705093 205401 64134 519754 219982 5729 914157 647648 87770 909 601368 14998 649939 274512 884663 571268 861138 701009 764185 90677 263800 340306 794753 849653 85693 353075 509274 37463 660345 33983 449983 269993 650441 147149 123789 22402 165752 68852 744735 199751 518782 22557 169202 312648 303355 421032 75277 516507 993638 9487 34330 45003 366296 800247 551228 834833 73631
247360 23
314 203644 172741 190488 577803 17260 7662 420100 33 15578 624192 732316 687697 838578 596859 1356 5918 254811 9937 1544 280501 171745 116492
26476 42
763258 83851 563183 102057 1255 706303 278248 945929 208086 475195 369541 31948 783238 629872 865779 569804 176057 551813 39096 14951 17280 122200 1167 1030 599330 1803 162002 832889 71225 710245 7408 488275 81055 507948 149765 779137 233620 413435 22760 29232 177145 20586
96152 55
728812 528307 243184 7280 321514 125026 430195 7945 58466 895198 149376 130261 19306 336368 12360 46 688914 816579 157458 60890 790 466476 121616 697523 228961 757970 72609 55511 631660 456343 125396 147116 880258 85461 4595 206850 80265 586658 286473 123990 618221 516698 203481 29095 569518 110813 213551 31638 796937 939997 225510 443040 445123 890376 348807
119721 40
132623 89326 428772 4324 15514 693278 38 698574 835977 223190 243166 46504 195930 4691 24132 664 996765 125003 19635 245027 4439 7825 988319 20654 696133 476880 165510 739053 355557 82326 674 112866 467375 138055 31147 67987 222991 136881 2271 281
130442 17
3169 673153 177151 593709 311716 159642 45258 118389 99 465635 383164 780809 279095 432990 884709 156100 544456
216710 73
32589 29584 11327 7576 810775 666633 341691 21193 9841 971588 440467 3656 775126 53126 848133 32691 896711 478268 63006 37 475272 5522 991796 570457 168585 466154 190 52269 11642 356001 729072 953146 334935 483697 221669 447627 42039 993217 347781 2745 720180 226073 889259 475011 456396 131591 898143 11327 397083 545416 578957 196111 28229 355006 176526 81731 115630 194828 2370 109359 478569 658369 223006 172991 14203 731843 255464 515158 704002 12115 250203 285143 298843
16811 25
13845 89340 82894 418394 44420 75942 648156 270737 503977 848078 9757 347771 202701 24152 37617 150536 160874 134047 358386 58513 540102 536152 623645 282084 16189
32618 24
150765 811318 702356 491486 962969 780891 905485 655818 446189 599952 245363 170404 187002 18425 869534 214810 64041 72358 612236 272410 27595 59949 189308 563604
237307 76
98066 22240 23615 461269 182138 477285 97457 710507 842219 6485 7192 619466 39888 332709 261176 178315 3312 588225 129501 35 749296 723386 536814 115980 368581 111720 123388 2017 36213 3193 234254 7143 769461 349421 365369 501854 2540 729579 306626 581240 345264 955505 987228 30502 1 425437 51205 635210 153658 20731 500 923 193582 686589 54508 17289 122388 223042 85182 449040 938158 193775 261634 95397 590025 195640 940782 10585 722231 348671 913645 108946 410882 4895 784158 134404
109947 83
149794 663569 3143 272812 923369 848427 1241 304628 842414 592496 554360 554142 730189 9815 146874 256687 6101 29224 13396 48965 70107 416295 22382 16434 404997 35819 46742 9 178162 9902 928322 112016 98178 689267 238522 66823 568471 134498 91036 44980 452093 667772 459721 350811 808170 47732 93705 300 37647 23 488509 468556 191846 383150 3863 514434 28212 302687 90830 45391 861687 264155 763240 656379 669822 940299 2310 53162 202 872180 270067 564350 122052 305065 96353 41484 34088 961497 659456 158977 663403 997296 361792
36315 62
207238 42836 278498 258427 22321 28035 163754 65893 42686 898221 394730 560429 763772 950580 25429 619311 344874 340548 92155 774035 464305 1343 100228 8159 290921 58723 41420 4689 230829 761439 427 179090 24756 923979 43453 231847 885848 661430 292312 348217 948402 4724 42160 16447 595731 18896 153529 731599 92796 116366 904029 155112 303676 29636 139314 52305 773168 23946 343102 110351 281550 718632
154190 81
399577 19552 19526 438115 828067 626198 990234 418817 411182 14892 697468 454733 39209 291257 812 672163 94001 62349 4290 4183 108143 431065 586821 289793 731858 34154 216397 154593 312999 484878 621060 50 21337 108433 555181 419671 853535 621892 346867 819981 268274 155643 709335 173 50261 583189 1117 89590 319237 56795 955609 115415 344036 315395 836382 31658 72947 998401 647934 222194 64263 112873 108173 292350 105322 557 100419 70832 28604 10139 545358 177892 998834 2564 99293 716670 115432 835003 628736 132267 411236
8500 54
909807 351682 85273 5 101639 976736 3914 764716 887034 954018 13564 182675 969039 302334 9 803073 268273 707899 96240 55154 70712 49431 180589 150682 33504 503004 185878 809250 627076 17 18217 389384 400615 128409 58902 824246 833065 943996 4275 67073 274459 599116 486207 290958 27325 12496 8478 208029 483591 59176 8012 357914 222081 120859
194914 65
739999 538752 67644 127833 28033 424150 38 83261 501497 558858 38421 2136 821725 670599 119898 983246 313 438332 442757 934868 16671 549 362822 9311 787862 702 40293 379762 782568 934636 453309 347419 613484 531819 127351 235424 162674 790481 623408 667181 2513 396999 530042 37672 33338 162530 32247 292477 568169 167302 347930 674 353720 98009 346583 342735 767002 33121 311866 21379 13923 431726 224371 769 707884
14149 75
393453 437641 280439 354452 492760 353257 356189 20605 96813 57127 897302 376302 651939 50428 1264 809817 96679 710837 25129 583305 712853 601849 62384 531519 2850 74 11070 354812 3943 389890 703921 1503 74070 54477 588697 27985 414237 684681 133327 220421 222127 231601 970605 506563 625784 574646 95337 890821 59481 229310 571183 14666 856861 9290 243091 288111 698608 188103 11906 12055 5729 587606 77919 49365 9748 149899 544482 499043 18420 801060 5256 351337 648150 50055 570110
4191 66
658431 64047 798331 111 486552 620 91930 704635 13898 834132 646932 359473 207256 45752 47630 17559 326738 545 88796 209054 53323 30630 550409 561661 961 975874 133417 701036 845753 356786 108472 751255 66638 17506 6347 72416 564247 19145 455727 545411 261673 785692 267896 303166 1038 227359 311363 417360 247 557934 3432 733230 1507 213080 179190 376145 588461 177704 131823 238809 19481 620779 357689 85571 2503 334996
248628 80
846697 388122 33129 30146 207860 627114 86489 74707 784451 73105 637005 533679 421261 191114 151741 301292 317130 840681 178 65545 27271 90244 131985 226902 230104 491418 946858 618057 496898 246208 736775 341997 334954 47812 482950 199942 218017 303234 192603 107258 482944 12644 300747 332274 464110 338067 292664 3266 297347 957 926028 680213 634665 91516 333511 194280 413657 437649 163341 446737 1210 543790 105700 747431 4350 47448 255452 313448 2595 87472 525723 35951 48776 823239 221988 327809 621871 167829 649711 473009
21616 60
725967 698588 51974 56386 248766 242644 81998 727975 165620 34146 806917 304023 29437 106799 345848 64096 229991 555636 21574 477655 490058 376465 314389 24607 45939 321040 126316 655827 867392 303355 896897 396849 748214 256587 126148 384823 858214 170537 60164 251237 26799 304465 39468 916039 10871 175365 74239 657964 432645 53710 794283 656994 359591 319943 168636 41009 79495 858897 406596 508296
52349 91
459240 20977 137349 190203 437556 205950 709065 394429 73905 99044 15013 623608 4560 104553 274064 227303 794144 87350 234747 112392 37552 16599 334303 158214 970743 125944 632606 281068 578749 649809 290883 917806 31610 997086 257048 221331 228479 165476 485417 520401 666489 60406 257895 854306 5526 135458 887933 158556 306878 352997 70554 46134 81293 3901 227679 721535 137 29404 146944 973203 722207 618449 170188 463022 357315 79016 107886 33486 271259 23878 52852 800387 19302 486618 174235 82207 375716 197327 1936 520094 377689 36924 147046 49908 476978 712799 279336 912716 657945 976894 644236
8090 55
156503 274718 874230 329161 8518 7951 4750 83861 467433 67413 556946 184819 34949 3916 792437 31205 745502 16405 11465 238544 31912 361609 7261 273831 311854 173601 105 16878 68437 388180 74207 240624 347753 368778 901209 564747 28852 474021 60855 252480 12650 311306 692911 16593 4971 541051 36600 84099 119287 50733 157244 482986 796437 438233 437113
36420 26
790962 72267 988619 764237 295102 972587 108 219565 280490 24861 22445 667602 38499 1203 1136 814 216417 380430 357112 481834 841599 392 688789 297 828701 6672
146185 37
120972 52188 987789 805236 1681 998552 193767 481346 953860 62860 67 899763 281271 474446 255852 724699 597542 210920 23376 117617 88666 1926 31651 80323 611220 170554 301714 819118 700691 624803 56456 1 216447 136892 458578 289662 223070
214758 70
505962 58270 348105 799257 108519 203371 928239 109488 522810 769438 12660 10765 151770 358808 375482 342415 391978 172931 544970 116029 2777 121967 9340 438984 1531 7407 314049 562206 197740 47786 158128 578525 184615 203851 573 81671 210451 98996 73816 4905 77614 9940 133899 959068 7611 734034 256188 147868 572920 37673 89775 346725 91839 462175 179064 458734 78411 58237 66679 214012 743406 4910 528077 353790 893282 817458 820435 269307 180105 653755
45938 36
463366 12626 285831 931854 849756 104281 578776 641457 27171 802271 301549 882066 122928 692313 17978 73487 587529 341030 146525 425691 1329 305810 663756 143222 84139 74799 121936 651681 52131 990630 364631 860729 22298 87678 739555 658698
237272 73
512897 634720 390773 958247 369535 487 562089 9477 65357 703884 130684 15726 10868 187280 62440 43224 56881 999709 539626 578156 1750 15805 424735 513189 76949 238575 611288 698509 44487 346379 25641 99589 96 884643 273394 607534 314381 587311 339212 408947 9 477162 482783 323 34429 315799 682849 269900 480730 731713 291273 68976 687449 28673 159065 925745 265480 713962 37963 98819 246372 24870 13462 132145 410090 585670 135283 56403 188772 276134 147478 360246 92906
163624 21
87 650246 25599 94123 506989 175 2145 120446 41213 94355 46070 345724 644171 208080 326672 190853 412002 480225 421213 297188 625709
144916 99
104746 549016 642201 14044 8104 544171 78836 87637 680444 308679 500910 848364 303910 335389 247416 8764 24208 115721 870657 587873 789460 763021 900867 295157 648004 33193 13207 422493 127414 149019 32607 619639 1464 972817 712 688080 18934 154811 202961 97216 473110 621 52407 63085 199792 379798 33658 98756 952636 195 185634 722750 881390 206073 160173 500318 62966 65650 397373 449428 1639 212 906293 216871 473324 247483 895485 7431 566058 835808 884 33164 668 28970 118404 439811 294433 514201 86406 525928 17840 41012 9430 102180 777242 12066 800187 16273 390453 746274 779193 744624 107131 784024 742633 3505 27147 9615 236460
70050 19
104517 144848 239626 331149 703009 22692 437818 496162 76642 6024 170962 732208 108545 965663 503097 155931 981693 458445 984566
95034 56
220242 245697 924248 125882 127034 336289 4 16880 643878 208997 476815 564285 157323 32404 714747 181578 67207 50967 442714 286642 780800 842063 233 535003 63054 128857 757810 812499 606997 583754 18518 74556 882005 10 335066 201964 637256 99823 293925 708709 222934 93815 830884 418722 71702 172223 342825 145220 35093 449605 169136 988623 615055 843962 6185 304578
75004 41
99917 162889 600656 160386 43926 636206 619185 311437 75525 770733 230167 306039 14978 274871 685405 133351 421496 16508 369080 328267 946627 13712 874 115432 27799 311236 90505 132974 541578 2813 291817 134546 93452 292076 667949 3 39112 27319 245967 350861 66915
96215 88
881953 131941 215281 113545 38877 12462 635239 266383 11965 12229 167794 359367 312273 403047 932108 140775 659111 22089 125542 7625 48795 879885 4159 39190 343279 91610 56495 281015 923335 152015 40578 724138 505210 215039 401663 665799 564582 66890 95579 174028 420310 912057 435953 110563 288646 31518 250512 362592 635828 447271 610336 144052 38801 412988 627 96974 139178 148382 798891 714322 153227 32655 88547 82 468343 24394 2096 267107 634436 800681 991196 130987 16328 20916 792450 497696 453415 4443 134825 266199 195522 168275 96516 227386 379934 190774 7556 21013
206175 91
873320 278140 116551 654665 78061 555158 64496 2482 28003 92382 602533 5684 112469 22179 85644 136400 831880 190190 341189 313325 95670 79 682608 80 454524 257892 172125 379223 828172 4102 717049 143126 3662 41575 138847 16484 25411 99016 976322 412930 23515 1053 13071 52894 927929 241593 214751 225979 728134 735731 608508 817063 106658 106042 308639 1286 172624 11276 189078 85092 89818 687420 53769 68920 1206 982772 243633 920537 559898 206796 130338 38135 72186 772194 788070 298517 34346 52171 458722 209299 808784 628879 57 936986 527163 4861 4588 674526 350192 573 17383
5281 86
6737 14327 3271 917653 280764 420965 680234 77358 14533 259805 111215 567709 5194 92294 501552 935406 318035 669486 722668 485084 523 147326 49163 953554 44106 51962 588973 320448 16290 866588 385552 33570 514262 298514 264912 905228 129887 75387 278029 841642 143514 292864 12717 143085 19802 845660 1 546498 6544 3030 411913 218843 67725 421322 394548 3 223461 180535 209162 794 1869 63645 30180 331852 244366 83077 469646 257637 6794 905109 439143 860261 128735 216854 67784 81257 984486 793545 39545 193404 658573 340806 342831 337042 668688 283444
