100
3 8
5 6 9 4 8 2 1 7
3 1
2
3 10
2 4 8 16 32 64 100 100 100 100
3 10
1 4 4 4 4 4 4 4 4 4
100 1
100
3 5
11 20 60 22 100
2 10
100 100 100 100 100 100 100 100 100 100
3 5
100 100 100 100 100
3 4
1 6 12 49
2 6
9 64 19 16 81 80
1 10
100 100 100 100 100 100 100 100 100 100
1 10
1 1 1 1 1 1 1 1 1 1
2 8
44 42 63 42 20 11 40 16
23 7
19 20 3 8 25 3 16
1 3
95 2 10
19 9
1 21 22 9 1 32 48 66 81
1 7
16 30 6 52 1 16 19
11 9
34 33 49 78 37 20 25 1 11
4 8
58 1 7 94 5 12 36 14
2 8
1 56 77 80 98 1 16 62
25 1
54
2 4
20 77 1 43
1 6
65 6 1 17 3 36
2 6
45 8 1 26 2 1
1 4
41 37 60 54
3 1
1
21 8
38 72 36 11 31 71 39 77
25 5
4 9 1 97 28
2 1
17
1 4
35 64 57 78
20 3
73 64 7
7 1
6
4 8
3 31 3 84 75 9 29 1
1 4
89 12 59 25
14 1
26
4 8
31 20 51 37 34 88 13 1
3 4
1 4 97 8
3 4
1 72 79 9
1 4
50 27 22 42
16 9
68 89 34 66 45 83 59 3 7
21 6
1 27 97 1 45 1
7 1
19
1 1
80
19 7
71 16 59 12 5 38 4
25 1
22
17 7
7 14 43 13 47 87 34
22 5
59 64 26 60 8
2 6
36 59 17 77 63 14
2 9
2 1 2 32 7 1 8 81 1
3 1
42
2 7
37 46 1 98 98 16 12
1 6
29 19 18 96 71 47
9 2
34 6
1 7
11 8 11 9 17 27 66
1 3
24 74 56
13 3
97 12 42
17 8
12 21 6 24 5 65 34 10
20 8
73 52 1 51 13 4 13 4
1 3
8 71 45
8 3
23 3 88
4 5
1 27 18 94 74
1 9
73 60 28 7 78 27 2 1 62
19 6
12 39 88 19 27 9
13 6
87 54 24 56 32 86
19 3
63 21 29
19 3
17 2 1
14 3
83 67 85
11 5
98 4 1 6 10
2 4
71 1 1 47
2 2
52 2
25 5
58 1 1 56 1
8 4
59 57 1 43
14 7
12 49 81 41 65 18 47
19 4
30 1 55 38
9 1
57
1 5
38 52 13 83 70
18 2
94 2
11 5
45 22 39 93 52
2 7
52 75 38 28 1 27 53
3 5
85 5 43 29 74
19 7
24 95 85 48 8 71 9
4 2
68 6
13 5
64 22 5 21 67
2 9
26 7 19 75 21 6 9 17 90
15 9
97 13 1 54 75 53 50 63 52
20 1
9
5 2
87 25
21 8
10 25 4 1 1 13 79 68
4 1
27
1 8
50 2 35 75 79 23 1 93
18 2
50 32
15 6
75 51 17 45 47 2
14 3
1 50 57
21 5
32 97 19 2 15
25 9
62 77 14 27 75 42 97 24 3
1 9
10 73 93 96 6 1 61 66 5
6 5
62 57 23 31 23
1 2
58 1
19 5
7 97 79 1 72
16 2
4 27
