100
4
75967564 768075449 830008830 700851152
9
9757495 8232102 159337 1108953 7109020 6697407 4221044 3780009 5406211
8
816 581 441 281 336 492 675 858
10
7382 4530 3388 332 171 1739 2419 1139 3915 7510
10
826 672 348 178 133 166 205 372 766 982
10
740 640 460 165 109 151 271 485 675 920
8
740 583 438 4 421 441 665 879
3
1 2 3
9
4452 4178 2606 4494 822 631 134 8574 9217
9
8177 3533 932 213 5084 6326 8207 1421 5269
10
932 792 531 435 78 201 439 685 874 937
10
4064 4584 1499 323 5989 4314 9473 439 1137 9589
10
826 801 569 354 216 236 475 678 812 896
4
782068669 270756098 504598685 389170760
7
72 92 113 161 179 206 746
8
4666751 3198030 4666884 3142685 7524675 5515467 3838165 7326371
10
787059524 647972094 570562854 96773700 61368022 104974108 268224994 259848121 15886516 678158981
8
769 566 440 61 125 478 612 794
9
9174 3295 6320 9633 7190 5746 3340 7514 379
9
9453 3941 8449 262 387 8987 5230 157 7390
8
9743067 195027 4104394 7390447 3441607 4697251 6786526 6015263
4
866492 6880060 3597959 2897378
10
1824 8972 2916 178 4536 326 3907 670 4412 7872
9
8351 866 162 78 4773 2325 207 8243 8382
10
9553 5695 1778 365 9216 2952 6752 341 6685 9846
10
607 542 193 63 7 58 111 340 603 885
3
289 733 582
10
651759373 124959466 452566888 790002712 372477521 742375970 914909306 361572404 576924873 635334047
7
601184208 411303167 755285640 166815080 284940587 177203936 740474780
8
3231065 2664385 7803490 2323350 9481484 1843424 7976750 8835193
10
200 308 426 448 623 650 883 879 779 660
10
863 629 449 216 57 71 382 456 665 921
10
314844152 856707040 833627710 178736618 693528897 843372026 398442084 940043829 491237446 203212072
10
859 641 431 225 116 160 365 458 741 924
9
7346 137 516 7291 4130 27 1280 1879 347
10
786 715 484 272 117 187 441 654 756 821
3
71229068 69558396 546225721
10
924 813 480 307 68 79 408 573 920 975
9
6468 9691 2404 7173 80 7622 808 8110 8691
10
412380113 270053103 449311433 830676001 78534626 885519044 917546660 832044419 589102823 244308044
9
4369 8542 6497 3757 306 1899 136 325 8348
8
658956083 155580527 676460896 273241974 824077102 948183967 451588627 486776204
9
170 199 226 277 462 559 992 924 616
6
925 447 10 144 489 979
10
667246445 937105628 726151864 397864642 291992334 62592816 177353792 488735435 906600437 216695188
5
797951375 608199869 683838260 769907475 501213196
10
752292330 605535420 391931423 419298995 904022464 664173903 3213465 294351364 462473382 223603425
10
807 769 690 501 23 79 544 702 771 870
8
378 9117 4187 5452 1905 940 109 9791
10
2296 72 115 2305 1648 4472 5404 813 3526 7590
10
845 681 597 504 216 469 512 617 712 923
9
8408 214 5209 3372 5610 4003 5444 2221 8743
1
447137539
5
283139855 936849525 513424033 525344193 771170916
9
9455 448 1982 370 5885 2483 6702 8775 202
10
9042 428 1526 7852 292 8322 4029 4391 7769 6235
7
851 721 563 220 309 609 836
10
45139450 28750772 728160946 489009774 432261218 347370845 194300637 831503152 962734740 144449789
10
590543486 418496841 331544373 703102662 329202603 238100945 155559457 966856057 279871103 901306947
4
483229866 999234168 920406729 902671746
9
200626713 172471558 648848477 507179107 942506538 167894229 350495688 32299480 385257081
6
42 102 995 500 490 149
10
8136 4669 464 2910 2101 4427 571 356 4878 5753
10
698803494 596527712 470930785 332104065 944037585 52365220 221612450 359524843 729442415 802844703
8
8708 7376 821 2215 7322 1453 4215 8860
10
199153007 184086615 945927076 139469253 762049864 288826959 553974098 330665384 139724594 962590040
10
8448 5770 531 4822 6924 721 7059 4792 5232 8749
10
823 633 367 273 68 74 316 411 648 938
8
8110 8247 7982 3904 7120 7881 939 9922
10
836 737 430 319 317 288 276 232 40 13
10
906629535 375393971 300672334 527204980 327449540 191021037 797440388 306326011 38594152 235162925
5
1 8 10 3 7
10
360686530 394540557 719511882 840061523 945484989 224404070 296372951 512592489 494844274 884624731
10
9296 6780 606 197 6504 2694 4071 9633 4703 45
5
648226766 602367145 964955296 258714169 852504713
5
311 948 816 768 678
5
689 527 69 317 633
8
122886250 794824397 833051168 227854109 509919600 109800450 180384585 388872876
9
9565 3390 6447 9120 15 7514 4690 369 104
9
875 630 544 458 325 445 508 610 742
9
5068 2019 612 1965 9029 421 1863 1234 3550
10
942 695 554 350 289 324 523 648 840 943
7
850829781 451296922 975656009 544842514 401516085 581612313 272977354
10
612664998 904322908 722422580 290520421 444041505 623012339 563623919 402032423 612027623 870189184
9
4513 4095 135 5026 2884 1110 935 4495 6080
9
5790 28 297 342 3421 6123 9208 1108 8517
5
112581614 124712141 6064195 668582531 46307993
10
279 296 4672 5602 5080 9015 6372 851 9504 9545
10
35 133 155 211 959 860 835 561 520 251
3
81857238 397901409 454116967
9
8652 1050 3249 4515 3164 3831 346 3765 8304
10
865 652 500 231 29 195 447 552 813 944
3
473427355 803199733 975675391
10
9465 8447 508 5590 341 6501 596 480 769 5024
10
861 592 498 108 84 107 389 512 763 999
8
1667 9995 2928 5993 7940 2685 1636 8050
10
9506699 183227 8767692 7014439 4670230 6544390 7312100 1768393 6325081 9918852
10
819303696 499742459 752528352 315882988 134597747 668035485 665275404 501979725 93989755 699060516
8
516190903 636724874 125041019 707758766 240935619 735456696 788704436 280453764
3
99 977 548
