100
56 0.0010 1.2653
9999.9999 25.8291
0.0004 47.7471
0.0011 79.5401
0.0002 34.3094
9999.9994 49.1333
9999.9994 43.4081
9999.9997 40.6884
0.0005 31.1031
0.0010 39.7291
9999.9993 39.8321
9999.9993 90.6603
9999.9999 92.0116
0.0008 38.9697
0.0002 56.6207
0.0001 63.8912
9999.9993 62.9194
0.0010 60.5310
0.0009 39.5099
0.0010 59.3722
0.0004 1.2636
9999.9993 99.7339
9999.9998 87.9199
9999.9991 30.5566
9999.9992 51.6684
0.0011 70.2385
9999.9992 51.2109
0.0008 87.3465
0.0005 81.5142
0.0010 37.7334
9999.9991 77.3737
0.0005 69.2247
9999.9992 66.3387
10000.0000 8.2296
9999.9994 8.3224
0.0008 48.5620
9999.9995 41.6042
0.0005 41.0218
9999.9992 78.8219
9999.9996 68.4584
9999.9992 87.9513
0.0004 42.3546
0.0003 36.4519
0.0009 33.4609
9999.9999 25.4774
0.0010 12.2082
0.0007 10.4888
9999.9999 55.7948
0.0001 11.7552
9999.9990 25.0514
9999.9993 98.4392
0.0002 71.6576
0.0003 29.2642
0.0004 71.5701
9999.9993 23.3717
9999.9996 78.5842
9999.9992 51.7074
100 3060.9679 45.5473
9847.6084 3.6992
4114.4038 96.3015
8319.3244 96.6114
2420.6022 1.1741
8495.3783 9.7390
6789.9106 4.1578
2196.0733 93.9814
330.8752 92.2743
4073.9354 7.1623
9822.5931 90.1631
3598.3304 3.9970
9769.8458 93.0307
2839.1547 92.9361
7440.1556 8.5451
413.8831 4.1745
5790.0384 95.6058
3122.3047 8.3803
9491.7074 91.1485
7162.4874 3.0720
9624.3252 90.1650
3495.2916 7.9560
2149.5660 92.1068
7437.4308 95.3812
4512.1054 97.8689
2429.6258 5.7462
4147.7604 3.2827
4119.4394 93.1974
3701.7972 2.6114
4130.8248 96.4436
2929.3608 9.6843
4433.5064 4.3510
8690.6823 2.3012
8120.7419 91.4821
54.9098 98.2551
710.4159 93.8873
4510.3630 93.4683
485.9459 0.6287
6734.5936 90.1843
402.1884 6.9279
6211.9291 1.8805
3953.9802 93.9874
3454.6447 0.3577
3650.0131 5.9303
4464.4911 7.0013
5352.1536 99.0601
3313.5005 95.9126
6747.9059 1.4803
4184.4935 99.3343
5062.6816 97.1147
5468.6018 96.7528
2656.4886 3.2660
9004.1932 0.2558
249.9871 98.2298
9842.2684 91.3788
8622.9794 97.9599
9596.4019 3.5533
6479.0243 97.1673
8797.2717 1.4558
7881.7828 3.4079
8487.3585 2.8928
5020.6449 5.6144
9858.5524 6.1289
2247.5028 92.9935
175.5321 98.3229
8689.8303 6.5823
748.0176 94.3679
7789.4046 3.1467
4981.3257 94.0598
9085.0059 91.8364
5510.2479 99.3084
6458.1428 4.7938
817.3136 95.8963
5946.3109 95.8152
6425.8758 1.3539
6482.8963 94.7074
9498.6783 3.7792
3741.7537 9.4148
5614.5892 8.3525
7525.6677 0.3854
5350.6895 98.4245
8663.2671 6.1549
6110.7737 94.7333
4192.8753 9.9564
6650.8175 5.7543
4553.2409 95.1994
276.4121 95.5303
33.1161 5.8712
6064.9952 89.9721
5783.7907 7.8969
6344.0662 91.7061
8772.7631 89.9319
6463.5041 99.0315
5823.9958 1.3776
4402.0716 97.6595
8159.2004 5.5691
9431.4891 9.3503
3006.0779 8.4021
3379.0445 6.7913
683.3230 90.4694
8963.8933 8.0570
100 9999.9996 97.8329
9999.9991 70.3664
9999.9997 40.9876
9999.9999 73.6156
9999.9995 94.1702
9999.9990 51.2283
9999.9990 95.5096
9999.9999 30.3008
9999.9994 22.8752
9999.9999 47.1123
9999.9995 94.8218
9999.9998 43.9181
9999.9995 1.6770
9999.9998 43.7024
9999.9992 59.7384
9999.9994 81.2318
9999.9999 75.8270
9999.9994 5.1817
9999.9997 16.1736
9999.9991 41.9318
9999.9991 9.7105
9999.9992 77.6587
9999.9995 55.8049
9999.9992 39.3139
9999.9995 41.3685
9999.9996 87.2887
9999.9997 68.5451
9999.9990 35.7114
9999.9993 42.1261
9999.9994 96.4041
9999.9997 80.9089
9999.9995 65.8290
9999.9998 71.0288
9999.9995 90.4048
10000.0000 42.3515
9999.9991 4.8814
9999.9996 44.0192
9999.9994 89.8478
9999.9993 29.2186
9999.9997 63.1499
9999.9995 42.1992
9999.9999 91.8147
10000.0000 87.0527
9999.9991 24.6351
9999.9992 25.0201
9999.9997 32.7060
9999.9992 61.8001
9999.9994 93.2975
9999.9995 8.3733
9999.9993 31.1081
9999.9993 19.7179
10000.0000 48.2629
9999.9999 64.5142
9999.9990 2.6348
9999.9994 26.7922
9999.9997 98.7193
9999.9990 55.7933
9999.9993 22.9286
9999.9990 65.5657
9999.9997 45.3392
9999.9997 24.3219
9999.9994 48.8687
9999.9990 30.6327
9999.9997 16.1379
9999.9997 18.4432
9999.9993 63.6325
9999.9994 86.0882
9999.9998 58.9462
9999.9997 60.6476
10000.0000 6.5627
10000.0000 43.5432
9999.9999 70.4251
9999.9996 51.2036
9999.9996 13.4188
9999.9992 56.6597
9999.9991 14.8894
9999.9999 39.3643
9999.9992 13.9888
9999.9995 77.9358
9999.9997 29.4245
10000.0000 68.1812
9999.9996 4.8039
9999.9996 28.1306
9999.9997 31.4499
9999.9994 34.8238
9999.9992 55.4821
9999.9999 22.1130
9999.9994 24.4039
9999.9998 31.6882
9999.9999 14.3852
9999.9993 92.6782
9999.9990 35.7229
9999.9995 28.4934
9999.9998 56.9196
9999.9994 39.2811
9999.9994 8.8360
9999.9997 12.4435
9999.9997 1.1295
9999.9998 92.8149
9999.9993 26.9253
9999.9994 89.4192
59 9999.9993 0.1591
9999.9991 10.1785
2121.0405 42.9007
0.0008 81.1809
0.0008 39.2492
9999.9994 94.1051
0.0005 81.0870
9999.9998 74.4849
0.0009 90.3563
0.0009 70.1451
2430.0632 66.0999
9999.9995 15.2758
6775.7551 84.9389
3644.4859 45.6297
9999.9994 60.8647
9999.9994 93.2136
9999.9991 79.7741
7946.6305 5.7437
6541.2508 77.8713
9999.9990 28.7543
0.0010 44.6463
0.0004 45.1898
0.0010 65.2364
9861.7014 16.9149
42.0239 68.6897
8508.7396 63.5712
0.0003 95.8626
4897.5759 38.3036
9999.9998 63.8553
4855.6872 52.8046
1153.0621 59.4430
0.0007 8.0141
9999.9993 83.5670
0.0005 38.4943
9999.9996 61.0964
6347.9085 87.4798
0.0002 7.7725
7856.1512 31.9138
10000.0000 31.5921
9999.9993 48.8218
0.0006 35.4872
9999.9998 39.6770
9999.9991 12.0601
0.0005 15.4143
0.0010 56.8349
9999.9994 6.9481
9291.3181 79.6728
0.0007 50.2611
5181.9406 22.7703
9999.9998 76.6875
0.0003 94.1780
0.0001 99.0842
9999.9998 49.1509
4311.1783 44.6644
9581.9878 21.6705
5989.1120 90.5259
6660.4500 0.1589
0.0001 16.1071
0.0009 64.1683
10000.0000 41.8792
100 3567.1826 82.4590
7660.7297 82.4590
4765.0685 82.4590
5766.6865 82.4590
8733.6869 82.4590
9318.2286 82.4590
9206.2783 82.4590
7431.8942 82.4590
265.8256 82.4590
8570.0130 82.4590
1553.8545 82.4590
7882.2315 82.4590
9039.3706 82.4590
6349.9380 82.4590
6756.6822 82.4590
8454.5510 82.4590
6045.4109 82.4590
2873.6740 82.4590
6828.7495 82.4590
247.9033 82.4590
4399.5807 82.4590
3891.8841 82.4590
1275.2011 82.4590
4863.9582 82.4590
4282.6201 82.4590
7088.9053 82.4590
4834.0086 82.4590
1417.2436 82.4590
8275.8455 82.4590
8469.2868 82.4590
5279.2546 82.4590
7594.8662 82.4590
9446.0768 82.4590
6625.2870 82.4590
8018.2153 82.4590
1759.2613 82.4590
1250.9178 82.4590
171.3672 82.4590
5512.5672 82.4590
7621.1267 82.4590
8135.2060 82.4590
4986.8137 82.4590
9483.9439 82.4590
784.3479 82.4590
288.2216 82.4590
7592.5064 82.4590
4666.4975 82.4590
3929.6698 82.4590
2092.4807 82.4590
534.2031 82.4590
8550.4462 82.4590
8060.6665 82.4590
2274.9872 82.4590
8846.4560 82.4590
7647.2456 82.4590
2786.1842 82.4590
2331.0513 82.4590
6629.9620 82.4590
946.6830 82.4590
3433.7663 82.4590
8299.5627 82.4590
7941.6356 82.4590
793.7240 82.4590
8303.9451 82.4590
164.1240 82.4590
4371.9778 82.4590
8632.7590 82.4590
5726.2013 82.4590
5567.6692 82.4590
5806.1431 82.4590
7113.1804 82.4590
3636.8072 82.4590
2860.7332 82.4590
8176.6488 82.4590
9789.2802 82.4590
5239.4081 82.4590
267.7676 82.4590
6588.8249 82.4590
7947.8666 82.4590
9602.8600 82.4590
7721.0639 82.4590
887.7148 82.4590
8378.7834 82.4590
8047.2804 82.4590
7594.1535 82.4590
5780.1451 82.4590
9635.3851 82.4590
8159.3125 82.4590
1803.8599 82.4590
2039.9912 82.4590
1832.7121 82.4590
5870.4141 82.4590
1297.4164 82.4590
9318.8488 82.4590
3913.8826 82.4590
1072.8882 82.4590
3995.7375 82.4590
7370.7156 82.4590
2927.7958 82.4590
5480.0160 82.4590
7953.2365 82.4590
76 2786.1645 99.9000
3569.8750 45.3366
7288.9722 94.3481
7233.7735 15.9623
1536.5959 61.1997
2409.8307 37.0527
3315.5962 4.8789
2143.7903 55.7683
8708.9242 66.9388
6016.6950 45.9144
574.7293 67.1509
7786.7935 91.1754
1257.2043 76.2787
1960.9989 65.5949
4927.5458 71.1393
8558.8629 39.0587
1535.0853 75.8415
311.9108 96.3865
892.3786 46.9524
6670.1778 78.4820
2454.8765 73.9488
3364.8998 78.9246
121.3689 51.0139
5231.6224 1.9617
6948.8279 74.2418
277.2372 7.9548
999.5844 61.6709
140.6379 31.3483
34.9152 24.9701
1686.6041 82.4790
7168.0986 29.5180
940.0305 26.8844
4677.1091 60.0419
3841.6973 62.5964
5979.3580 34.6249
6191.2649 24.2315
6071.3435 84.3251
44.1585 10.2705
8491.5151 44.9972
7819.0423 11.7073
8223.6690 74.3082
3418.7086 99.2950
9862.2501 68.2331
6696.7873 36.3611
3931.7229 99.0813
5734.3651 93.1160
9170.4283 9.1638
3785.0815 24.0736
1667.5849 1.5535
7582.7483 88.5199
8622.1463 5.8578
3228.9690 9.6575
3313.9684 38.2074
8042.6136 53.1823
1727.3867 96.4247
2509.8812 46.5774
2926.0409 46.8835
3306.0623 0.2498
5579.0145 35.6976
7803.2114 50.4188
7082.6630 32.2723
726.1435 75.6751
5628.6759 75.1034
9633.3022 39.4077
7861.9184 61.9620
8954.9001 28.1649
549.7379 44.1838
5739.7757 80.8725
2784.9486 1.3413
4811.5119 7.7351
6945.1233 77.5175
9550.7542 36.1391
4959.8388 87.1845
5948.1168 42.5558
4995.5595 36.4471
3161.5637 34.7773
3259.4905 27.1395
99 0.0001 50.0339
5196.5390 58.9869
8053.1112 32.2628
2462.7074 58.0964
9382.6650 61.9726
9429.9568 41.3173
7944.2898 94.3969
275.0629 16.7194
3840.9820 94.6738
5250.4025 52.3957
7537.6307 72.5922
6514.8416 14.2463
6817.1821 53.2767
4946.7195 47.8528
1165.4842 15.3696
9278.3523 20.4358
1109.1572 19.0084
2921.9741 4.5032
6483.6922 94.4082
3344.6559 97.9663
5103.3726 49.9708
3236.7200 98.8388
2300.3481 80.1318
3800.0620 46.8115
1676.2741 6.7936
5912.7444 9.3647
6164.1003 80.0792
6140.5106 6.3930
7017.5802 5.3265
307.0744 78.0489
371.9602 23.5686
6100.8950 77.5587
7128.5694 34.2164
4205.2113 24.6853
1164.2937 15.7595
5852.1417 27.1320
2078.0732 3.0082
6871.1175 99.8457
6744.1532 14.1224
1595.9594 99.6925
6343.9770 73.1652
1992.2293 35.2738
4653.1950 35.3834
1727.0792 36.1703
8616.2858 9.5953
198.3475 39.8156
5339.5947 21.9140
5008.9094 83.2321
4356.6398 97.9729
3558.4379 37.7523
7743.2103 0.5874
4518.1261 61.5005
7515.3400 91.5419
8174.0882 38.2851
7576.3653 86.7213
4911.8289 30.7072
886.2523 11.3950
7008.7130 13.4173
5836.1612 10.2093
6655.0326 56.8049
526.9452 2.4644
5119.7658 56.9898
3935.3911 58.5133
4995.7490 65.7457
5228.1495 62.1936
3153.9136 87.0625
7490.4502 11.3648
9708.6845 5.8876
6394.7910 74.6630
924.5645 94.0725
7429.4639 86.6386
8846.9725 92.2298
4681.5318 39.9663
9447.3349 60.6107
6254.0485 53.1092
596.3588 19.5141
5068.7521 6.6240
4657.2968 64.4648
5602.3736 0.2222
2290.7215 9.2287
9646.3314 52.4424
2948.4936 85.3569
1908.2603 48.0878
5725.2339 24.8641
3082.1560 92.4243
9401.1636 88.2294
2141.5537 70.8562
5894.2747 70.8155
9583.2708 29.1037
4566.6785 22.4409
1246.1564 46.9503
1456.6716 39.6533
2457.6594 84.1929
1167.4726 7.0525
983.9610 4.4950
5178.2982 71.1514
6170.2099 51.7798
575.6674 43.0677
7952.8223 44.0520
3781.5471 58.0220
16 9999.9995 2.5112
0.0006 38.4851
0.0009 25.9945
0.0010 73.5985
0.0007 81.2233
0.0003 80.0040
0.0006 82.5558
0.0008 65.9749
0.0005 75.3773
0.0006 97.7838
0.0003 70.2806
0.0009 2.5112
0.0004 57.1233
0.0006 14.1887
0.0008 30.1218
0.0011 25.4882
0.0002 34.4151
76 0.0004 3.0355
9999.9994 50.7069
9999.9999 3.0321
9999.9998 79.7139
9999.9990 14.1209
9999.9992 27.9058
10000.0000 52.2192
9999.9997 9.8601
9999.9992 85.6614
9999.9991 99.4797
9999.9993 31.9374
9999.9997 65.7004
9999.9993 15.6423
9999.9998 54.3818
9999.9998 29.2605
9999.9994 52.2594
9999.9998 80.7296
9999.9998 14.7840
9999.9991 64.0545
9999.9995 78.0157
9999.9994 6.1831
9999.9991 36.5456
9999.9999 10.0437
10000.0000 26.6443
9999.9996 65.5600
9999.9996 77.5050
9999.9999 19.4168
9999.9996 94.0783
9999.9998 91.9304
9999.9992 63.7467
9999.9992 96.8358
9999.9999 55.5227
9999.9995 89.1249
9999.9996 67.3306
9999.9996 27.7553
9999.9995 90.0504
9999.9994 53.4083
9999.9999 27.9172
9999.9995 96.0052
9999.9994 75.0880
9999.9994 95.0646
9999.9995 58.4906
9999.9993 14.1230
9999.9994 97.8356
9999.9995 42.9262
9999.9993 46.9277
9999.9995 10.3726
9999.9995 6.1452
9999.9992 55.4845
9999.9996 45.7448
9999.9990 27.8803
9999.9993 99.3557
9999.9996 89.0895
10000.0000 42.4137
9999.9996 55.4589
9999.9993 71.3867
9999.9993 49.8198
9999.9990 4.8695
9999.9990 68.4026
9999.9996 9.0636
9999.9996 54.3327
9999.9994 90.8529
9999.9992 79.9456
9999.9991 87.1306
9999.9996 55.0236
9999.9995 77.9985
9999.9995 8.4840
9999.9998 17.2112
9999.9990 59.8402
9999.9998 58.3675
9999.9994 59.7127
9999.9994 27.7525
9999.9998 87.5427
9999.9990 45.4938
9999.9995 26.4040
9999.9999 51.8010
9999.9990 81.8313
1 10.0000 50.0000
0.2000 50.0000
87 0.0003 98.4824
0.0009 54.7994
9999.9998 3.7161
9999.9995 27.7400
9999.9992 76.2552
0.0003 97.9815
10000.0000 67.6768
0.0004 8.8266
9999.9993 24.3917
9999.9994 60.0490
9999.9993 49.5188
9999.9995 16.8492
9999.9995 2.1912
0.0010 24.8697
9999.9995 5.4829
9999.9990 62.3953
0.0002 74.2122
0.0007 33.3629
0.0005 94.0659
0.0008 45.3292
9999.9994 3.2177
9999.9990 55.5123
0.0008 17.7292
9999.9991 18.3924
0.0009 44.4604
0.0002 17.0058
0.0005 66.8664
0.0007 49.5832
9999.9992 95.6624
9999.9991 52.8933
9999.9994 60.4700
0.0009 81.7074
0.0006 68.8446
9999.9998 8.6629
0.0005 98.1626
0.0006 97.8345
9999.9996 64.3140
0.0009 78.5218
0.0010 13.7378
9999.9997 62.0401
0.0007 27.6063
0.0004 50.9383
9999.9993 22.1016
0.0002 3.5317
0.0005 21.2750
0.0006 79.7383
9999.9997 69.3709
9999.9995 26.3598
0.0007 99.4574
0.0001 34.5363
0.0007 60.4734
9999.9997 97.1061
0.0003 16.1610
9999.9990 56.1801
9999.9999 42.9031
0.0007 85.1675
0.0009 95.0472
9999.9997 1.1493
9999.9993 25.8453
9999.9993 62.3652
0.0003 77.5548
9999.9996 92.0220
0.0009 74.7389
9999.9998 29.7405
9999.9990 44.7979
0.0007 48.9357
9999.9997 33.4341
0.0011 64.3370
0.0010 20.3033
9999.9993 24.3982
9999.9990 78.3541
9999.9995 67.3857
0.0006 57.1316
9999.9995 19.3813
9999.9999 62.9129
9999.9998 34.4796
0.0007 9.1042
9999.9997 14.7487
0.0006 88.8959
0.0010 62.1992
0.0008 49.9277
9999.9994 34.6678
0.0003 83.6594
0.0007 98.3675
0.0006 32.3102
9999.9996 36.1864
0.0002 82.6173
9999.9996 63.1225
100 2323.0122 86.2824
9999.9916 86.2824
9999.9934 86.2824
9999.9948 86.2824
9999.9981 86.2824
9999.9942 86.2824
9999.9961 86.2824
9999.9962 86.2824
9999.9998 86.2824
9999.9994 86.2824
9999.9903 86.2824
9999.9970 86.2824
9999.9945 86.2824
9999.9977 86.2824
9999.9908 86.2824
9999.9971 86.2824
9999.9952 86.2824
9999.9929 86.2824
9999.9936 86.2824
9999.9904 86.2824
9999.9914 86.2824
9999.9967 86.2824
9999.9906 86.2824
9999.9939 86.2824
9999.9943 86.2824
9999.9969 86.2824
9999.9949 86.2824
9999.9947 86.2824
9999.9987 86.2824
9999.9958 86.2824
9999.9993 86.2824
9999.9953 86.2824
9999.9954 86.2824
9999.9956 86.2824
9999.9905 86.2824
9999.9901 86.2824
9999.9979 86.2824
9999.9902 86.2824
9999.9999 86.2824
9999.9991 86.2824
9999.9909 86.2824
9999.9917 86.2824
9999.9980 86.2824
9999.9910 86.2824
9999.9997 86.2824
9999.9957 86.2824
9999.9946 86.2824
9999.9996 86.2824
9999.9978 86.2824
9999.9992 86.2824
9999.9990 86.2824
9999.9921 86.2824
9999.9919 86.2824
9999.9927 86.2824
9999.9973 86.2824
9999.9988 86.2824
10000.0000 86.2824
9999.9926 86.2824
9999.9937 86.2824
9999.9935 86.2824
9999.9989 86.2824
9999.9960 86.2824
9999.9964 86.2824
9999.9955 86.2824
9999.9965 86.2824
9999.9933 86.2824
9999.9928 86.2824
9999.9912 86.2824
9999.9995 86.2824
9999.9963 86.2824
9999.9923 86.2824
9999.9985 86.2824
9999.9959 86.2824
9999.9932 86.2824
9999.9931 86.2824
9999.9975 86.2824
9999.9972 86.2824
9999.9940 86.2824
9999.9918 86.2824
9999.9983 86.2824
9999.9950 86.2824
9999.9984 86.2824
9999.9986 86.2824
9999.9974 86.2824
9999.9915 86.2824
9999.9924 86.2824
9999.9982 86.2824
9999.9938 86.2824
9999.9944 86.2824
9999.9913 86.2824
9999.9951 86.2824
9999.9920 86.2824
9999.9930 86.2824
9999.9922 86.2824
9999.9941 86.2824
9999.9966 86.2824
9999.9907 86.2824
9999.9911 86.2824
9999.9925 86.2824
9999.9976 86.2824
9999.9968 86.2824
81 9999.9993 49.1553
0.0003 42.7097
0.0011 42.1956
0.0009 61.3636
0.0008 83.1370
0.0011 78.5700
0.0003 5.6161
0.0003 49.7482
0.0001 42.8802
0.0007 91.5961
0.0007 86.9524
0.0002 76.6349
0.0002 20.7051
0.0007 43.6781
0.0002 81.9056
0.0003 59.7668
0.0010 52.0344
0.0010 73.2367
0.0004 25.2474
0.0003 9.0653
0.0007 43.4447
0.0005 79.1476
0.0007 70.5290
0.0004 4.3653
0.0007 94.3581
0.0006 73.5686
0.0010 44.7509
0.0008 51.1411
0.0006 12.3401
0.0007 13.5190
0.0005 28.3259
0.0004 14.1064
0.0002 43.0788
0.0002 5.7343
0.0009 5.5848
0.0010 36.5466
0.0007 69.4510
0.0004 14.9480
0.0001 76.5602
0.0008 29.1648
0.0001 70.2120
0.0011 53.1979
0.0004 89.2735
0.0010 33.0080
0.0003 56.8971
0.0001 43.4414
0.0008 37.9935
0.0011 53.3516
0.0003 7.1415
0.0006 73.3594
0.0007 63.8415
0.0011 19.3802
0.0006 63.1749
0.0001 83.8573
0.0007 49.3328
0.0006 22.2065
0.0003 34.7924
0.0002 57.7928
0.0002 64.3265
0.0005 16.6264
0.0005 10.4670
0.0002 88.5172
0.0007 70.8707
0.0011 9.6760
0.0005 68.6620
0.0001 21.7002
0.0009 86.5384
0.0005 18.7365
0.0007 74.2221
0.0003 79.9596
0.0007 21.8234
0.0001 43.4360
0.0005 17.4683
0.0002 98.3992
0.0007 62.0954
0.0009 4.2319
0.0005 47.6517
0.0009 64.4911
0.0002 93.6917
0.0002 81.0738
0.0004 35.6081
0.0011 51.3410
2 0.0001 77.2831
0.0001 97.3911
0.0001 57.1751
11 9999.9995 67.7047
9999.9992 97.2197
9999.9990 75.8384
9999.9997 67.5776
9999.9998 72.8794
9999.9994 72.1875
9999.9998 23.2429
9999.9994 51.9681
9999.9994 70.2087
10000.0000 75.2237
9999.9999 74.2172
9999.9997 64.1880
2 100.0000 75.6127
70.0263 75.6127
27.0364 27.7990
89 0.0006 1.2943
9999.9990 21.1411
9999.9999 94.4461
9999.9994 27.7399
9999.9995 46.4529
9999.9996 12.1796
9999.9994 97.2822
9999.9991 30.2285
9999.9996 40.9358
9999.9995 99.1725
9999.9991 54.1720
9999.9993 74.7885
9999.9993 18.1172
9999.9992 32.5524
9999.9996 14.9211
9999.9996 12.6963
9999.9998 16.4072
9999.9993 92.7714
9999.9995 18.9737
9999.9994 73.5460
9999.9996 26.2050
9999.9997 45.2247
9999.9995 36.5516
9999.9991 27.2634
9999.9999 34.8918
9999.9999 52.3901
9999.9994 35.4093
9999.9997 39.7985
9999.9992 2.9285
9999.9997 26.6383
9999.9991 27.7215
9999.9995 14.0046
9999.9996 13.3613
9999.9994 52.4017
9999.9991 70.0455
9999.9999 68.8676
9999.9997 28.4514
9999.9996 69.2724
9999.9999 61.8730
9999.9991 84.0847
9999.9994 91.2248
9999.9996 55.5249
9999.9993 25.0673
9999.9992 31.0071
9999.9993 10.7982
9999.9993 66.7362
9999.9992 1.5626
9999.9994 87.2271
9999.9992 9.7904
9999.9995 0.7249
9999.9998 83.9510
9999.9998 98.2956
9999.9999 80.6507
9999.9997 18.9845
9999.9998 25.4691
9999.9997 29.7333
9999.9994 4.2868
9999.9999 57.7497
9999.9997 77.1495
9999.9997 59.4255
9999.9995 45.6195
9999.9996 75.0080
9999.9993 8.6048
9999.9999 26.7035
9999.9991 15.2325
10000.0000 69.3059
9999.9999 4.2628
9999.9991 18.6105
9999.9997 67.5042
9999.9996 45.7420
9999.9994 78.5561
9999.9992 69.1771
9999.9992 1.2943
9999.9997 90.2468
9999.9997 52.6327
9999.9996 61.0826
9999.9999 40.1976
9999.9990 56.6162
9999.9999 97.8821
9999.9997 89.8345
9999.9996 15.1827
9999.9995 93.3224
9999.9997 57.8732
9999.9994 57.9679
9999.9999 60.4330
9999.9995 3.6202
9999.9994 49.6067
9999.9994 77.2523
9999.9999 23.1242
9999.9992 0.2859
30 9999.9995 95.1738
0.0005 63.9907
0.0004 94.5153
0.0010 81.4786
0.0001 95.3469
0.0010 26.9833
0.0007 89.6153
0.0007 69.4557
0.0010 72.8568
0.0007 5.4128
0.0009 50.3226
0.0011 17.9302
0.0009 62.0836
0.0005 14.3002
0.0008 32.7462
0.0005 26.5709
0.0006 89.6482
0.0003 87.2325
0.0004 11.1104
0.0002 59.0611
0.0009 68.3407
0.0006 84.5018
0.0008 61.9581
0.0005 57.0951
0.0010 4.9417
0.0008 51.8922
0.0004 55.6528
0.0001 23.3956
0.0006 71.3629
0.0007 55.5189
0.0007 16.2982
32 806.9384 0.6549
4570.1811 91.5699
1302.8342 96.7946
1559.3745 95.4352
7451.3035 5.2590
6673.3796 92.4911
254.6224 6.1831
9115.1346 91.0481
3021.6298 96.3200
9675.8611 1.0575
7405.0586 9.9628
2743.6737 1.1906
9155.7268 8.6265
1412.2855 3.6865
5212.5222 9.3407
1612.6323 91.7972
6365.5791 90.7722
3249.8478 95.8308
2023.9944 3.7603
7644.0760 92.5597
6999.3501 92.4406
4701.2249 8.6093
3476.3710 2.0316
600.6006 90.2403
482.0602 95.0610
5791.1451 9.3575
1668.0310 8.3930
6922.0570 0.4639
5355.7501 0.9017
8992.4953 98.9706
9470.4639 91.9945
4374.6810 91.6402
991.0132 97.4592
56 6226.4850 99.3556
9325.6536 39.1729
1587.0626 74.3387
6498.1820 83.2134
2112.5872 61.1254
4488.8161 51.4658
1402.0934 74.9994
8288.4659 36.6872
4329.7733 49.2625
299.0400 3.1908
7247.8690 5.7778
8821.4003 71.5428
2767.3430 14.1159
5377.3516 6.5861
8066.9443 79.2992
1793.8305 10.4873
9963.5355 90.2154
7906.3760 20.1260
3138.5737 5.3977
5178.6468 26.4410
9824.7629 41.2947
4962.3028 76.6283
4171.5022 17.7394
6265.8098 91.4952
5195.4776 72.6236
4023.2822 5.6955
9252.1347 68.6337
7599.3606 22.7418
2099.3492 46.7377
7779.5174 39.0805
5518.9230 23.2641
6925.4432 57.3795
9086.6301 81.7876
2918.9689 2.0560
3221.8810 71.2296
242.8999 77.9143
5065.3022 12.9314
7684.3976 78.6178
3992.8158 72.2855
4923.0792 9.9299
4439.3180 91.4090
2023.5903 90.3939
7861.6912 42.3599
2296.1304 79.4151
207.1402 12.5679
6561.6425 93.5288
8638.4279 12.6353
1488.4913 78.1287
7109.6345 88.4729
8847.4995 38.2185
8002.6086 99.3546
6470.0524 51.7229
9029.4793 29.1992
7333.4896 19.9813
5257.9301 46.2568
8651.4995 21.7648
2080.7504 1.8884
2 99.9998 44.9488
0.0006 1.6677
99.9997 44.9488
2 100.0000 65.1586
99.9999 65.1586
0.0001 65.1587
20 0.0008 4.7408
0.0002 62.2465
0.0003 82.8217
9999.9996 4.7408
0.0005 85.8683
9999.9998 65.2414
0.0004 33.8315
0.0006 79.9059
0.0002 22.0759
10000.0000 29.4999
9999.9998 95.8453
9999.9995 81.9815
9999.9992 73.4207
0.0009 84.1520
0.0008 95.1981
9999.9992 16.5610
0.0001 31.1066
9999.9993 91.4735
0.0005 5.3747
9999.9990 77.1288
9999.9995 58.5885
66 0.0002 99.6679
9999.9994 92.2349
9999.9999 23.8404
9999.9992 70.7698
9999.9991 23.4612
10000.0000 6.0786
9999.9996 34.3388
9999.9996 65.9075
9999.9999 89.1638
9999.9999 45.0584
9999.9991 80.3382
9999.9991 60.8822
9999.9996 18.5204
9999.9991 64.4924
9999.9995 30.9459
9999.9997 73.1824
9999.9999 85.3549
9999.9993 95.0723
9999.9995 59.3738
9999.9998 36.6957
9999.9999 82.8978
9999.9992 11.3591
9999.9999 87.0404
9999.9993 15.7760
9999.9995 86.4197
9999.9998 83.9181
9999.9995 11.4132
9999.9996 29.1864
9999.9996 23.0509
9999.9999 82.7791
9999.9990 59.7285
9999.9999 2.5298
9999.9993 19.1866
9999.9994 50.3702
9999.9995 48.3374
9999.9995 79.7078
9999.9997 73.2437
9999.9998 99.6679
9999.9997 55.2001
9999.9995 4.1663
9999.9995 66.8521
9999.9990 58.9547
9999.9996 18.0878
9999.9998 57.4529
9999.9998 84.1195
10000.0000 23.9544
9999.9993 1.9688
9999.9992 71.5475
9999.9999 75.6129
9999.9992 54.5790
9999.9996 29.5082
9999.9996 21.9562
9999.9997 93.1077
9999.9998 41.1111
9999.9995 20.2058
10000.0000 35.9274
9999.9993 65.3091
9999.9995 47.7135
9999.9999 17.3100
9999.9997 25.4692
9999.9997 13.6551
9999.9996 55.8197
9999.9995 21.9427
9999.9994 88.5554
9999.9998 71.6669
9999.9992 35.2377
9999.9991 25.8718
2 100.0000 65.1587
0.0001 65.1587
99.9999 65.1586
57 9999.9999 1.5494
9999.9992 66.9905
9999.9993 95.3036
9999.9994 93.7350
9999.9997 48.6358
9999.9999 22.2472
9999.9990 1.5471
9999.9998 60.7916
9999.9999 84.2997
9999.9999 97.3339
9999.9992 86.3610
9999.9997 57.5058
9999.9994 35.0647
9999.9991 96.3909
9999.9998 10.9410
9999.9991 34.2651
9999.9991 38.7025
9999.9997 64.2304
9999.9993 84.1169
9999.9993 85.5859
10000.0000 95.8933
9999.9997 24.5605
9999.9991 68.1526
9999.9992 54.7601
9999.9995 63.0901
10000.0000 62.0574
9999.9993 28.4865
9999.9999 22.6213
9999.9999 34.7624
9999.9992 95.2520
9999.9990 1.9149
9999.9993 90.8089
10000.0000 4.2265
10000.0000 63.7963
9999.9999 22.4477
9999.9999 3.9077
9999.9995 41.3527
9999.9998 22.8887
9999.9995 6.8494
9999.9998 83.1538
9999.9994 14.6714
9999.9996 85.4939
9999.9994 73.9217
10000.0000 69.1660
10000.0000 68.8595
9999.9994 39.2006
9999.9992 23.1667
9999.9997 26.2697
9999.9990 28.6644
9999.9996 85.6456
9999.9992 61.9798
9999.9996 99.6521
9999.9993 8.7180
9999.9995 5.9947
9999.9995 43.1912
9999.9994 82.3718
9999.9999 18.2211
9999.9991 92.9875
92 9573.0955 1.9018
4128.8251 4.0488
4389.5949 0.9655
2133.5265 95.3409
1498.6622 92.8667
5478.7106 5.8860
7185.4894 4.8495
1539.2784 6.5858
1224.6136 97.4875
7222.3907 8.5547
9326.7026 4.5218
1293.8138 9.8515
5881.0555 0.3287
3447.9950 95.1912
9784.8270 7.9602
589.7889 2.9827
7512.1608 93.0237
5267.1578 8.7965
2292.7233 97.1896
8275.8201 9.0055
7219.8589 98.2913
2130.7151 3.2753
448.5365 0.7540
7223.7923 7.2972
2304.7908 2.0835
2901.1541 6.4392
2413.4960 97.3942
6931.5718 90.9900
9206.9503 93.1171
4790.0654 93.2069
1413.2562 98.2212
15.8883 3.2750
7142.9492 94.9408
6651.0444 5.4351
7981.4773 98.6016
2247.7093 3.9114
261.1292 9.4450
2808.1015 90.6629
1241.1351 4.6577
4608.2901 93.4546
9216.1973 6.4534
4816.7145 98.7920
2933.9250 1.4542
9244.4858 8.9604
2334.6486 97.4885
790.6161 98.7817
9326.3495 90.5513
2393.3800 5.7426
6372.4204 0.4439
7086.9137 8.4994
9985.5037 91.4221
937.3437 3.8249
9884.4246 98.1531
2360.5212 9.1328
205.2191 4.1831
738.1188 99.0163
3641.0789 98.9009
3668.4599 98.3922
6799.4520 0.4039
210.1691 1.6417
1877.6374 7.9856
5625.8791 90.6194
1198.8515 6.5591
1054.6026 94.5023
3130.2389 5.5989
3236.3003 4.7384
6291.7094 92.3676
4815.5816 94.6512
7594.4766 93.1680
9978.4116 2.5580
9664.7129 91.2927
9210.2796 2.0735
8515.3913 94.4162
6759.2724 99.2093
4630.7041 1.9207
4696.3073 92.9219
9165.8157 3.3826
6813.6122 95.9891
9175.2837 99.6741
3278.1752 89.9497
7528.7090 93.6403
5551.0932 5.3161
4625.8427 98.7698
827.3400 98.6569
7404.8495 1.8715
9705.3543 91.9970
3317.4399 98.8166
9390.0837 2.8764
1308.2529 94.6077
6606.2577 7.2014
7453.3279 99.0495
1264.4704 9.6177
2360.3077 9.9636
2 100.0000 88.3984
99.9999 88.3984
0.0001 88.3983
42 0.0002 88.9201
0.0001 43.4711
0.0004 41.7394
0.0004 9.0501
775.7859 23.7489
1839.2107 97.1397
0.0002 68.1216
0.0009 15.1730
0.0006 6.8257
0.0009 60.3920
9999.9994 80.9568
5693.2717 78.3925
5538.0236 46.2727
9999.9993 82.2058
0.0007 70.2509
9999.9994 50.0050
9802.4004 73.9809
9999.9996 8.0247
9999.9995 96.0860
0.0006 90.7397
0.0006 71.7573
9999.9995 1.5873
0.0006 91.5469
8138.0807 93.5830
9999.9997 46.5663
9999.9994 73.1935
7410.4698 33.4859
6954.2284 43.9118
9999.9994 41.6080
6258.9320 75.6657
0.0008 86.2768
9999.9995 88.9201
7313.4772 55.3697
5604.0524 8.3854
0.0004 79.0408
1962.7303 88.8636
10000.0000 56.5623
9999.9991 25.5903
1955.7967 22.8679
4103.2743 15.0893
9999.9997 1.0713
0.0004 5.4140
9999.9999 18.6928
91 0.0009 99.1104
5627.3345 41.1312
9999.9994 30.3465
9999.9996 63.0889
9706.3794 80.1454
8211.8121 11.2507
9999.9995 45.9296
895.4846 38.3647
6747.7942 47.0571
9999.9998 9.4859
9999.9999 4.6237
0.0003 92.5780
9999.9991 68.9182
0.0005 34.3655
9999.9999 30.2947
9999.9993 96.4463
9999.9996 89.7107
0.0001 52.1928
9999.9993 85.2645
0.0004 32.6628
9999.9991 44.9492
0.0003 49.9744
7127.6636 11.2216
0.0004 8.7278
9971.1822 82.5547
9598.6071 45.2492
9999.9999 58.0660
9999.9996 53.4941
493.8105 9.5065
9999.9994 85.1193
1438.1908 4.4292
4228.8943 91.0279
9999.9999 29.3453
9999.9992 2.1322
7293.0861 49.3582
7710.5390 97.7168
6422.2664 72.4542
0.0003 39.1431
0.0003 90.6865
6922.0667 81.8514
9999.9999 8.3713
0.0003 42.3658
9999.9994 53.7340
0.0003 53.6893
0.0007 3.5620
0.0010 38.0900
0.0010 87.8580
0.0008 70.5588
9999.9994 28.7471
9999.9996 18.5471
0.0001 30.5334
9999.9998 30.5642
9999.9998 43.1485
0.0008 58.0462
7487.2845 67.6346
0.0008 94.2142
6105.8580 50.0555
0.0011 24.2744
557.2293 8.3117
0.0006 90.6110
9999.9997 76.7081
9999.9998 31.0450
917.2953 61.5048
7707.8051 65.4357
4814.3285 50.4529
0.0002 50.6752
9999.9995 54.0212
5528.3932 69.2456
8010.1641 41.9222
671.4417 91.1309
5071.0654 96.1578
5499.8846 56.6500
1098.2171 93.1498
0.0007 12.3056
0.0002 44.2836
5434.8406 51.5544
0.0001 10.4172
9999.9994 97.2893
0.0002 77.0609
2239.7022 98.0947
9999.9991 13.9948
0.0001 6.6589
0.0008 47.4929
9999.9991 81.9386
0.0008 96.0494
9999.9998 98.0661
0.0005 10.4315
4449.3246 76.5655
0.0008 46.4002
0.0002 99.1104
9999.9996 87.7273
4870.4641 62.4720
29 0.0009 0.7972
5576.1028 79.4884
197.6387 60.8901
9999.9990 4.3680
9999.9998 0.7961
0.0002 73.4214
0.0010 41.5174
9999.9992 93.5953
1863.4078 80.9993
9999.9992 19.9373
9999.9991 57.4341
0.0004 85.0385
6943.3714 33.0063
9999.9999 96.3363
755.7266 72.4948
2354.1797 89.1048
0.0011 22.4865
9999.9994 43.4203
8928.2822 14.4105
9999.9999 93.7863
5117.8728 9.3861
9864.7394 64.2298
4783.7250 63.8342
0.0007 58.0547
9999.9996 6.0387
0.0009 22.8729
9999.9999 60.3659
0.0003 1.6169
0.0004 68.9405
0.0008 61.7589
59 10000.0000 68.2594
0.0008 44.2942
0.0002 16.0967
0.0005 20.1280
0.0009 6.2745
0.0003 85.1316
0.0009 64.9650
0.0008 8.2822
0.0002 12.4620
0.0004 17.2568
0.0009 94.0789
0.0002 71.8140
0.0005 68.2594
0.0002 45.5101
0.0010 41.3753
0.0005 42.2318
0.0003 87.4895
0.0002 37.5353
0.0004 30.1243
0.0002 78.3874
0.0006 76.0178
0.0005 76.3447
0.0009 75.8659
0.0008 14.3930
0.0010 23.5581
0.0008 89.2770
0.0010 5.7898
0.0009 47.8198
0.0006 10.5016
0.0007 33.3893
0.0010 72.5141
0.0009 38.8403
0.0006 44.9219
0.0004 80.2906
0.0010 3.6722
0.0009 85.1357
0.0003 53.5664
0.0010 24.7604
0.0007 7.9039
0.0007 15.7773
0.0007 62.5491
0.0006 21.6001
0.0006 16.3796
0.0009 82.1367
0.0008 91.2351
0.0003 79.1339
0.0001 49.9717
0.0002 60.4481
0.0006 21.3484
0.0002 98.3868
0.0006 74.2793
0.0006 24.5446
0.0010 98.5144
0.0009 38.6039
0.0008 8.6509
0.0010 0.1342
0.0005 26.9837
0.0010 81.7082
0.0007 4.1336
0.0002 18.3477
100 1373.6140 80.5550
9918.5310 30.4406
4289.1611 30.4406
5608.0422 30.4406
3465.1606 30.4406
9366.6470 30.4406
11.5161 30.4406
7445.6856 30.4406
5296.8066 30.4406
9500.8716 30.4406
8804.7650 30.4406
213.7936 30.4406
3097.3597 30.4406
4065.6195 30.4406
1672.4690 30.4406
4441.8729 30.4406
4750.6141 30.4406
7897.7960 30.4406
7189.9655 30.4406
7685.7432 30.4406
7649.7103 30.4406
5858.6996 30.4406
1201.4805 30.4406
9362.2892 30.4406
4758.1590 30.4406
978.3123 30.4406
1181.2870 30.4406
3310.0850 30.4406
6818.9491 30.4406
6550.7456 30.4406
4418.6861 30.4406
1884.3996 30.4406
9870.3942 30.4406
4295.9395 30.4406
2030.6138 30.4406
6729.9744 30.4406
6191.0471 30.4406
7675.9035 30.4406
5924.7235 30.4406
6812.3482 30.4406
591.2783 30.4406
840.8066 30.4406
6323.0347 30.4406
1436.2758 30.4406
7517.3809 30.4406
7419.3035 30.4406
7339.4382 30.4406
5858.3780 30.4406
6596.7484 30.4406
8073.7074 30.4406
7321.9467 30.4406
9310.4542 30.4406
9667.0137 30.4406
7397.5125 30.4406
7695.7003 30.4406
1853.2890 30.4406
2419.3158 30.4406
2627.0975 30.4406
9066.2718 30.4406
1719.3415 30.4406
9463.2015 30.4406
1817.1104 30.4406
2724.0727 30.4406
5440.5469 30.4406
7721.1912 30.4406
6128.9585 30.4406
8538.4979 30.4406
9236.3138 30.4406
507.3483 30.4406
3678.4695 30.4406
2952.4690 30.4406
1175.0325 30.4406
127.1469 30.4406
6363.2331 30.4406
4912.7318 30.4406
9017.6501 30.4406
3933.8217 30.4406
4844.9691 30.4406
8832.7570 30.4406
3491.4400 30.4406
1671.8641 30.4406
9561.0685 30.4406
7228.7350 30.4406
2012.1380 30.4406
4209.2014 30.4406
805.4897 30.4406
8291.2054 30.4406
7987.3604 30.4406
8634.7480 30.4406
4870.6142 30.4406
5388.4412 30.4406
7788.5268 30.4406
8132.8848 30.4406
7054.5478 30.4406
2602.1977 30.4406
307.0544 30.4406
673.6129 30.4406
5117.5777 30.4406
8666.7923 30.4406
8308.6502 30.4406
4319.7652 30.4406
1 4508.9633 3.7457
3401.5080 3.7455
83 9999.9992 98.2645
0.0001 32.9375
9761.5076 38.8080
9999.9994 90.3955
0.0008 12.0978
9999.9992 88.3127
9999.9999 85.7496
1757.7720 34.7167
0.0002 9.4260
9219.1794 79.2862
0.0004 38.3613
5103.6696 97.9771
5032.3445 75.8279
0.0002 93.1749
9999.9990 8.2947
9999.9993 54.1740
9999.9991 15.7232
3794.4486 18.9380
0.0006 14.9309
4800.8743 95.8410
9999.9992 43.5210
8586.4660 73.1831
9812.3355 49.6587
9999.9994 90.4048
7645.8237 62.7665
0.0010 82.5905
0.0007 32.7973
754.4630 45.7761
9999.9993 78.3659
4740.7010 34.6547
7842.6917 3.4114
3177.9281 75.8504
9999.9996 47.7744
8947.0732 83.0393
9999.9996 47.7440
0.0010 46.5335
0.0009 51.4107
736.6810 98.2645
9183.7247 92.8304
0.0006 94.0234
9999.9998 62.3944
4040.1612 83.2477
4459.4885 22.5201
9999.9995 16.9709
4358.3949 1.6399
0.0006 20.8140
9999.9993 27.3444
9999.9992 49.8354
9999.9998 23.1055
6673.3803 78.3471
0.0011 21.7556
9999.9997 46.8401
0.0007 37.4867
0.0009 6.2887
0.0006 42.3431
9253.4947 7.1594
0.0005 44.1589
0.0007 66.4634
0.0007 4.0950
9999.9996 71.4825
0.0005 32.6102
0.0009 58.2057
9999.9994 87.6430
9999.9996 68.2073
6518.9559 36.4880
3443.9354 4.2544
0.0008 91.0642
9999.9994 3.9686
0.0002 23.0914
9999.9996 8.5634
0.0006 88.9115
9999.9999 10.5220
9999.9996 54.2798
9999.9999 60.4035
9999.9997 52.6489
0.0003 53.8273
8060.5009 4.6770
6069.1746 33.5676
0.0010 22.6063
2041.1538 72.1819
9999.9991 83.2776
0.0006 2.4042
9999.9997 38.8744
3813.9015 73.6813
7 0.0008 63.1194
0.0002 15.8171
0.0010 10.6902
0.0006 22.0264
0.0011 63.6286
0.0003 19.5589
0.0004 30.8397
0.0002 34.8304
2 59.1081 96.8236
85.9566 98.5488
45.9915 93.5993
12 7077.7631 99.9000
3840.7395 25.6864
4619.6461 18.9729
9935.6610 85.7821
3413.4639 99.9000
2138.2356 4.8224
2336.8761 87.2230
1164.7610 31.1508
1901.4970 66.5779
9010.7643 48.9491
8043.7613 74.7493
6853.0439 59.3368
8342.4890 94.9698
4 0.0001 54.4962
0.0006 16.6220
9999.9992 27.5345
0.0004 43.0704
9999.9993 54.4962
100 8593.0096 15.6666
0.0080 15.6666
0.0052 15.6666
0.0005 15.6666
0.0043 15.6666
0.0085 15.6666
0.0058 15.6666
0.0020 15.6666
0.0065 15.6666
0.0013 15.6666
0.0022 15.6666
0.0068 15.6666
0.0028 15.6666
0.0061 15.6666
0.0099 15.6666
0.0071 15.6666
0.0053 15.6666
0.0077 15.6666
0.0007 15.6666
0.0051 15.6666
0.0045 15.6666
0.0018 15.6666
0.0057 15.6666
0.0048 15.6666
0.0090 15.6666
0.0095 15.6666
0.0066 15.6666
0.0026 15.6666
0.0044 15.6666
0.0004 15.6666
0.0069 15.6666
0.0088 15.6666
0.0039 15.6666
0.0097 15.6666
0.0064 15.6666
0.0001 15.6666
0.0003 15.6666
0.0032 15.6666
0.0006 15.6666
0.0081 15.6666
0.0010 15.6666
0.0035 15.6666
0.0024 15.6666
0.0047 15.6666
0.0062 15.6666
0.0096 15.6666
0.0055 15.6666
0.0100 15.6666
0.0070 15.6666
0.0086 15.6666
0.0040 15.6666
0.0075 15.6666
0.0060 15.6666
0.0042 15.6666
0.0017 15.6666
0.0015 15.6666
0.0029 15.6666
0.0019 15.6666
0.0089 15.6666
0.0056 15.6666
0.0093 15.6666
0.0072 15.6666
0.0034 15.6666
0.0073 15.6666
0.0030 15.6666
0.0041 15.6666
0.0012 15.6666
0.0027 15.6666
0.0054 15.6666
0.0067 15.6666
0.0038 15.6666
0.0031 15.6666
0.0050 15.6666
0.0092 15.6666
0.0076 15.6666
0.0033 15.6666
0.0016 15.6666
0.0063 15.6666
0.0046 15.6666
0.0036 15.6666
0.0087 15.6666
0.0021 15.6666
0.0078 15.6666
0.0037 15.6666
0.0091 15.6666
0.0082 15.6666
0.0009 15.6666
0.0059 15.6666
0.0098 15.6666
0.0074 15.6666
0.0083 15.6666
0.0084 15.6666
0.0094 15.6666
0.0079 15.6666
0.0049 15.6666
0.0011 15.6666
0.0014 15.6666
0.0008 15.6666
0.0002 15.6666
0.0023 15.6666
0.0025 15.6666
77 9999.9990 46.4554
0.0002 67.2912
0.0010 74.2691
9999.9995 5.1883
0.0009 40.7675
9999.9997 42.7329
0.0005 86.1087
9999.9991 44.5448
0.0004 41.4620
9999.9997 44.4732
0.0006 68.3305
0.0006 52.5630
9999.9999 49.3045
9999.9997 33.9280
0.0011 34.0103
9999.9994 75.7087
9999.9995 34.6521
0.0008 34.1557
9999.9996 26.4690
9999.9997 73.0945
0.0008 32.8556
9999.9991 48.6960
0.0010 6.1669
0.0010 21.4271
9999.9996 79.8557
0.0011 63.7696
9999.9990 67.7706
9999.9991 12.4436
0.0006 31.8145
0.0009 42.7108
9999.9994 16.8986
9999.9996 72.3939
0.0004 85.7078
0.0005 48.0640
9999.9996 72.3317
9999.9993 22.8115
0.0002 95.2853
0.0005 81.1715
9999.9994 73.1009
0.0005 15.0304
9999.9993 62.3781
9999.9995 15.1043
0.0008 83.2555
9999.9997 40.5210
9999.9992 21.7368
0.0009 38.9492
0.0010 48.3316
0.0003 50.6102
9999.9997 53.3455
0.0004 79.9418
0.0003 70.2615
0.0010 77.5418
9999.9993 0.3377
0.0007 65.1344
0.0006 88.5200
9999.9995 1.1780
0.0007 70.6708
0.0010 89.1679
9999.9993 36.7061
0.0004 46.4554
0.0005 67.0188
9999.9991 48.7749
0.0004 2.2951
9999.9990 13.0713
9999.9998 36.1943
0.0008 13.5967
9999.9992 83.3900
9999.9993 41.9174
9999.9999 55.5814
9999.9992 92.5882
9999.9991 47.6540
0.0011 71.0307
9999.9999 30.5602
9999.9995 21.9015
10000.0000 98.0083
0.0006 89.2074
9999.9992 38.6864
0.0003 31.9742
49 3569.6290 99.3191
1241.5903 95.5595
3475.7744 99.8055
6964.0420 89.9353
6260.8026 9.3719
1986.8607 94.8252
1299.1358 96.9105
7100.7976 5.1681
741.5207 7.7741
2355.9311 98.6844
3078.1471 9.1107
9848.5233 94.3123
7945.6790 3.8786
4174.7120 90.3243
6636.3591 9.7522
8737.2574 99.2428
8619.7597 6.2202
582.0963 91.0400
7703.4420 1.9719
8068.4534 4.6755
4766.8157 96.9246
903.2457 4.6853
384.4868 3.9339
8614.4423 1.4476
5668.1567 94.2897
7076.6163 5.4204
1435.6442 92.5181
4879.2228 91.9982
6198.5822 8.2826
2769.9777 94.6815
5212.3517 95.7819
7705.3667 6.4592
3705.1758 91.6631
836.0264 4.9655
4414.9931 0.1971
5041.8390 97.5574
1346.4835 95.2715
3645.5291 94.9548
4903.2980 99.1103
1152.6676 96.8699
4801.4886 98.1284
7381.0419 92.2626
4637.7209 7.2763
6389.3163 90.0625
2694.3665 95.7907
2469.0050 9.9856
4872.6716 96.6632
3764.0853 9.9954
140.8977 96.2815
8940.2038 93.3472
7 5995.1235 97.1635
1239.4157 0.6014
7091.0316 19.0999
6081.7371 56.4412
2640.7908 67.6073
9863.4787 97.1632
2068.4656 36.3701
1582.9005 74.7429
54 0.0009 51.1274
0.0007 70.2622
9999.9992 67.9662
0.0004 75.5259
0.0011 39.3965
9999.9997 51.5545
9999.9990 52.2804
9999.9999 58.9791
0.0009 20.7975
0.0010 30.8740
0.0005 21.5066
9999.9995 26.3952
0.0003 44.7866
9999.9990 64.0261
0.0010 57.9461
0.0003 94.5270
0.0009 60.9079
9999.9998 51.6719
0.0002 93.7169
0.0011 49.8653
10000.0000 90.5535
9999.9995 8.5016
0.0008 45.7759
9999.9991 53.9378
0.0009 75.5709
0.0001 42.4838
9999.9995 86.6194
9999.9992 59.0841
0.0009 46.1928
0.0007 89.8310
9999.9991 30.2365
0.0001 60.5420
0.0011 53.0722
0.0007 41.8105
0.0001 20.0786
9999.9993 15.4926
10000.0000 9.1713
9999.9996 19.1752
9999.9999 70.1650
0.0004 21.7047
0.0010 44.6762
9999.9998 14.8058
0.0002 92.4676
9999.9991 69.9646
9999.9999 63.9000
10000.0000 13.3303
9999.9990 77.4810
9999.9992 29.5893
9999.9991 25.9736
9999.9991 89.8367
9999.9992 55.1564
0.0009 84.5139
9999.9993 98.1952
0.0007 19.4701
0.0006 8.5325
2 0.0001 0.1000
0.0001 0.1002
0.0001 0.1001
29 0.0006 96.9193
9999.9994 28.7253
9999.9992 66.5799
9999.9997 95.0880
9999.9995 46.6575
9999.9992 97.0967
9999.9992 97.6872
9999.9998 72.9135
9999.9996 37.5616
9999.9995 69.4938
9999.9990 18.5761
10000.0000 64.0610
9999.9990 16.4620
9999.9995 42.1356
9999.9998 23.3908
9999.9993 96.8628
9999.9996 67.6312
9999.9993 30.2972
9999.9993 90.3277
9999.9996 56.0973
9999.9996 71.6659
9999.9991 4.3920
9999.9998 63.8586
9999.9999 2.3594
9999.9995 13.4974
9999.9994 10.3032
9999.9997 87.3759
9999.9995 20.9618
9999.9999 88.7091
9999.9992 24.2866
48 473.7119 4.6465
1997.3435 75.0310
1965.5327 78.9155
1428.3234 98.5126
473.5419 80.0075
6878.2628 98.7074
6047.4964 41.8093
8074.0462 49.4731
7195.9004 29.9533
9274.5918 10.1908
9718.9645 74.3304
2523.5137 71.6910
9576.6476 11.0933
4533.6973 32.3504
571.5255 4.6476
3201.6167 95.8566
8095.6361 97.2018
5615.3662 10.1233
438.6820 42.6217
5901.1651 50.7710
6631.2726 31.1516
2508.3297 5.7554
8411.1462 5.6665
6683.4772 56.7257
9669.2758 41.4763
7611.7099 67.9836
4185.4331 82.3472
4016.7769 79.0465
8133.1387 28.5754
817.4951 32.4510
3930.1216 62.3375
7514.1572 53.5662
8224.0466 15.1249
9397.4743 98.8449
2603.2754 65.6483
2596.9418 63.1328
2984.3619 40.3072
4397.1400 30.2621
1946.7122 19.6814
8222.1236 89.4009
4880.9067 5.0215
5408.5142 5.0041
7155.7366 88.3503
3442.9004 89.9010
4572.4086 8.6300
2739.5177 92.3622
2174.6010 46.8283
969.7926 91.9585
171.5884 17.9578
98 3252.9714 95.6959
7398.7467 98.4729
4020.9308 92.7960
1567.2900 9.1384
9124.8144 7.4904
4945.5048 97.5397
8834.7066 96.1498
932.2682 91.6428
2639.6928 92.1868
3714.7883 94.2247
1183.7660 91.9255
3118.2690 96.5440
6053.8761 91.5749
5019.8906 93.8725
8502.0072 5.9814
4385.1788 90.9316
4796.6926 95.3981
9588.2050 2.5304
5026.1664 96.3472
4711.9063 0.8628
7751.9204 96.7507
618.1267 95.0083
7959.5936 94.7710
7955.6089 93.8747
554.0325 98.8493
7164.3265 90.1784
490.9123 1.1330
2074.2178 10.0873
6548.0802 5.8323
9459.8818 91.2514
9841.0855 9.0781
2823.3757 3.4681
8712.7260 4.7596
7460.3551 10.0634
7320.5996 94.0841
5152.7499 91.5413
1624.7752 96.1913
9678.2930 94.6595
5480.5051 92.3420
7410.8983 2.8955
7749.7964 92.0144
6836.1984 9.7142
661.9458 92.2791
9928.1310 3.1790
8573.8529 98.0291
4247.2890 9.0530
1362.0276 90.5837
2173.9064 5.6293
8767.8594 94.2774
9972.7294 94.3428
4140.2082 90.0708
371.4345 8.1384
595.7596 8.4989
4144.1278 2.1750
345.8264 3.5126
9539.4409 91.8854
8141.2038 4.9979
2848.9553 2.2142
5186.7142 96.2497
7221.0633 3.1557
7461.7981 94.0356
4875.2964 94.6677
3162.2766 3.3911
4912.8887 1.7720
5225.7529 97.8132
876.4295 98.4498
274.3540 99.6670
8102.6221 93.1454
5503.1033 94.8514
9744.2687 98.8421
9082.6269 96.8162
3693.3309 91.0484
4542.9872 6.0171
8306.0276 98.4238
7942.0072 95.0570
5820.7211 98.8783
7769.8553 8.7241
4370.7911 8.5774
5262.0571 6.7866
8329.4469 94.8711
5362.8299 6.9592
6207.3069 96.5397
8196.3764 90.0633
787.2189 93.6232
5655.2350 6.2607
5267.1204 95.7758
7745.7442 6.1630
3071.3276 9.8463
3259.4264 0.5430
4063.5343 2.2671
200.9266 98.6830
8555.3036 1.2234
9535.6550 92.8206
4469.6189 95.0591
6966.7804 99.5211
8684.3984 4.0059
8712.9218 7.5148
6531.7779 4.3400
8117.7970 0.1940
60 831.1416 4.0212
9999.9992 0.2072
0.0006 94.7588
9999.9995 91.2584
9999.9994 0.5672
0.0002 3.7392
10000.0000 6.4584
9999.9991 9.5792
0.0006 90.0875
9999.9991 7.6102
9999.9996 1.6232
9999.9993 2.2867
9999.9993 9.1194
9999.9998 90.3171
9999.9996 1.8253
0.0006 95.8967
9999.9993 0.5488
0.0004 5.4790
0.0007 7.1761
0.0005 92.2326
9999.9997 91.5705
0.0007 95.4011
0.0010 97.0345
9999.9995 90.0590
0.0008 0.4821
9999.9991 97.4340
9999.9990 7.1563
9999.9999 96.6039
9999.9992 94.6914
0.0007 3.6637
9999.9992 1.6031
9999.9997 92.3733
9999.9992 95.2905
0.0001 99.2884
0.0004 3.4885
9999.9994 1.6742
0.0004 95.9948
9999.9994 90.3724
0.0005 7.4554
0.0009 91.7681
0.0002 92.8915
0.0002 6.4789
0.0011 96.9572
0.0008 7.9825
0.0009 96.7401
0.0003 95.5382
9999.9991 95.2113
0.0004 93.5836
9999.9992 3.9402
0.0006 92.1849
9999.9993 98.6488
9999.9991 96.3187
0.0006 0.8343
0.0003 92.4711
0.0002 95.9350
9999.9991 6.0666
9999.9991 5.8152
9999.9994 7.8367
0.0003 2.3955
0.0008 3.2882
0.0011 94.7388
2 99.4808 76.9326
99.9999 76.9326
100.0000 76.9326
2 99.9995 28.7422
80.3785 0.1692
99.9999 28.7422
2 0.0001 0.1001
0.0001 0.1000
0.0001 0.1003
4 5000.0000 75.0000
10.0000 30.0000
20.0000 50.0000
300.0000 95.0000
40.0000 2.0000
86 5425.0542 0.2104
8591.2166 3.3088
8147.7885 94.3019
6545.2701 3.6327
6105.5080 99.6237
4033.5480 91.9944
1816.9274 5.5283
8551.9947 3.2418
3062.0307 5.5176
5044.2194 0.2613
3834.8632 99.3365
367.1491 2.7212
233.8197 92.2723
2819.7577 95.6168
1519.5127 99.2225
5821.9681 97.3736
2357.7852 2.6979
2042.6984 0.3195
6541.9379 7.7410
961.1261 97.7174
7892.9464 96.1712
2671.0451 3.7469
5628.9509 7.9205
8437.3415 6.1333
6763.7565 3.5678
9193.7984 0.9621
6422.8598 3.7474
2349.4593 90.9915
6460.8456 92.5685
6405.7031 3.4307
8756.7337 92.5540
4663.8585 1.9846
4966.0548 92.2089
6638.2164 91.9243
8494.3989 4.7458
4947.2053 92.3938
9744.1949 92.9090
4771.9545 7.0604
1067.8887 1.0664
1865.8248 94.1493
5589.2394 95.5016
9888.2988 99.1396
5799.1740 0.1277
1877.1479 90.0753
9103.0518 9.3329
5166.1261 91.4218
8804.8254 90.7012
8364.0095 2.6377
2352.1700 3.0239
1410.1672 90.0525
6548.5099 8.1222
4342.4491 91.1385
9340.6809 6.7391
575.1346 3.6497
2987.5885 0.5468
4162.1599 7.3290
8683.3108 3.7657
5745.0955 91.7559
4316.0963 7.3329
9413.7427 9.5555
8915.1094 0.3878
9454.0663 93.1678
9083.3780 90.3311
8864.1863 95.2063
7935.6466 93.8372
6582.1118 93.7475
4631.9206 91.9718
4927.0001 3.2700
5279.3869 92.9564
3433.7162 8.4706
9666.1549 3.9522
5168.0168 91.2632
992.2117 94.7404
4656.3448 6.8847
2795.0611 4.3892
6536.0508 2.4474
4955.3573 1.0193
3418.5277 99.5500
6211.6260 94.3355
4816.4836 97.9161
3351.4693 99.1926
5122.5275 6.4171
6039.0869 0.6985
779.6991 7.1753
4654.5442 90.1858
9156.6586 4.3888
8400.4447 97.1694
100 1959.8806 49.1070
4970.3483 94.9601
965.1086 99.4218
2889.0291 4.2624
7281.1709 0.8957
6492.6416 94.5393
2889.6224 96.3733
516.0547 90.5284
8552.3675 8.9434
4215.9678 9.0594
8531.8787 98.1433
3513.0698 0.9852
9753.2818 98.4042
3197.0214 9.8739
2843.4388 8.5929
4170.3811 0.1026
7805.6582 9.7997
768.2631 99.2019
9190.0009 90.8480
5054.9228 0.6914
7808.4433 8.9607
7133.3718 4.8420
8790.0946 93.3866
232.1369 99.0315
1042.7762 2.7755
2193.1311 3.8176
8507.3765 92.9205
4198.0665 93.4814
8910.6437 1.0375
4855.1955 95.3829
8644.0865 7.5413
7857.8160 95.3425
1548.6384 8.1906
7076.7319 8.9477
3393.8969 1.7181
8422.1281 97.9942
4109.6573 98.9512
3111.1734 6.8282
1455.2337 2.7423
9637.6356 7.3319
4024.9595 6.1603
8646.7638 8.6954
9108.9372 95.6468
9755.9214 6.7898
2412.4285 91.1714
3183.9829 98.5103
1345.3050 8.6997
9482.6569 5.0640
2970.2279 8.2067
607.8022 7.0823
5502.5096 90.5956
5282.1832 1.6967
2545.6019 92.6032
7455.9340 6.3493
3378.8102 92.3685
9362.9812 95.2105
9742.6942 6.7469
8579.4473 94.2047
5658.1945 93.3325
7593.9967 5.0785
1939.8545 97.2210
6749.0890 90.2752
1852.0600 5.8005
2121.9557 91.0214
5100.2086 0.9183
8593.7962 4.8039
6017.4261 98.0536
9641.5480 93.2326
9022.9397 7.5022
7382.4346 97.7571
1907.4794 5.2205
8163.0846 92.2058
4072.8130 90.3187
8771.8401 95.8645
8440.6633 98.0636
1498.3118 99.4234
7314.3105 1.7426
5445.9468 98.7775
5433.8678 94.4717
1647.5854 94.9482
9281.5694 92.0049
8581.7658 4.9031
5722.1129 9.8113
8271.7402 7.7747
2655.6098 90.3856
4163.4062 7.5863
2907.8820 3.7323
8408.3832 91.3265
8725.4165 95.2569
650.0943 1.5357
929.0573 7.3097
999.3718 8.7240
7426.4083 8.7336
1136.8780 2.5083
2513.7418 0.5537
6724.8519 92.4439
7578.0715 7.9587
2287.3850 95.5952
294.5601 7.7653
5571.1531 1.9535
648.2544 7.6407
3 4361.7978 17.2924
6889.3718 35.9485
1605.9591 14.7651
4785.4009 28.5881
83 4262.7595 0.2907
9999.9998 7.4064
9999.9992 90.7306
0.0008 9.9188
9999.9991 7.0573
9999.9993 5.6764
0.0011 93.6984
9999.9994 4.6556
0.0005 91.9486
9999.9996 97.4751
0.0011 97.1623
9999.9992 90.5174
0.0009 96.1300
9999.9999 0.5776
9999.9999 95.5279
9999.9992 93.7111
9999.9991 2.2318
0.0009 93.2172
9999.9991 6.7650
0.0007 93.8899
0.0006 98.8970
0.0007 8.6819
9999.9994 94.6993
0.0005 96.9242
9999.9997 2.5789
9999.9996 5.8678
9999.9999 92.0843
9999.9995 3.2510
0.0007 2.6999
9999.9998 9.4147
9999.9998 94.4103
0.0004 6.7771
9999.9992 96.6390
9999.9993 1.2468
0.0006 1.8621
9999.9993 4.8320
0.0005 9.8242
0.0006 0.1727
9999.9993 97.4945
9999.9990 98.9331
0.0004 91.1820
0.0011 8.2681
9999.9998 97.3748
0.0004 6.4328
9999.9998 3.6266
0.0006 93.3376
0.0002 91.4784
0.0003 92.8312
9999.9990 98.0553
0.0004 95.7793
0.0008 93.6197
0.0010 0.6690
0.0007 96.5741
9999.9997 9.8169
9999.9994 96.4930
0.0007 97.2069
9999.9996 94.9830
0.0002 4.2415
9999.9998 95.7228
0.0007 7.3017
0.0006 8.0533
0.0006 96.7732
9999.9997 92.4651
0.0007 92.4858
0.0004 95.0663
9999.9990 8.9104
0.0007 94.6984
0.0004 96.6013
0.0007 10.0852
9999.9994 7.2888
0.0006 6.8565
9999.9995 6.3378
0.0005 2.1850
0.0008 0.3792
9999.9998 2.1421
9999.9999 9.3923
9999.9990 92.6748
9999.9994 6.2318
0.0008 3.5970
9999.9998 91.5410
9999.9997 97.6169
0.0010 3.8533
9999.9994 92.5540
0.0010 7.1766
17 0.0008 7.6321
0.0001 28.1798
9808.0275 93.5835
9999.9996 7.6321
9999.9999 71.1754
4932.1249 20.4459
10000.0000 20.3215
0.0002 95.6876
9999.9991 56.2776
3043.4858 29.4117
0.0006 59.3242
0.0006 46.4777
553.8127 40.8403
9422.3737 41.4118
0.0008 45.9871
8254.5666 24.8354
0.0009 71.9428
9999.9999 56.3408
2 100.0000 88.3983
0.0001 88.3983
99.9999 88.3984
54 9999.9992 0.9492
0.0007 27.4573
9999.9992 42.2882
0.0008 94.5786
0.0002 9.0566
9999.9991 97.6230
0.0003 29.8620
0.0004 6.4366
9999.9995 4.8137
0.0004 58.0419
9999.9991 79.3721
0.0005 54.2224
0.0001 27.0635
0.0006 38.8874
0.0006 72.0452
9999.9998 12.9305
9999.9998 59.2210
9999.9991 42.0270
9999.9990 88.3726
0.0001 15.9359
0.0008 85.5275
0.0003 93.7650
0.0005 36.6533
0.0006 28.9049
0.0009 55.2268
0.0007 24.5107
9999.9999 24.2008
0.0003 64.4086
9999.9992 28.4422
9999.9996 11.6505
9999.9996 50.4378
9999.9993 27.2747
9999.9997 13.4806
9999.9996 11.5748
9999.9995 54.2365
9999.9996 71.8805
0.0004 75.9391
9999.9994 60.0945
9999.9990 81.6339
9999.9995 59.8364
0.0011 0.9480
0.0007 72.0948
9999.9999 4.4191
9999.9997 93.6321
0.0004 1.8832
0.0005 67.2598
0.0007 66.5851
9999.9993 50.6280
0.0003 95.4734
9999.9993 16.4021
9999.9998 29.4871
0.0004 68.0570
9999.9990 69.8922
0.0008 47.9956
9999.9994 91.4161
3 2748.9436 5.5576
9999.9997 4.6185
0.0009 89.9778
10000.0000 6.4966
23 0.0010 4.6042
0.0005 64.1892
0.0003 84.8183
0.0005 10.4028
0.0008 24.4720
0.0006 50.5065
0.0007 58.3315
0.0009 13.8553
0.0001 64.4880
0.0006 4.5983
0.0006 58.9776
0.0002 93.9327
0.0004 5.9161
0.0003 47.7428
0.0004 34.4790
0.0009 31.7635
0.0008 93.8784
0.0004 66.9807
0.0010 61.7503
0.0004 13.3278
0.0004 10.8009
0.0010 27.7049
0.0001 89.2050
0.0005 55.0589
100 6217.1600 42.5664
0.0006 97.6954
10000.0000 99.5907
9999.9992 96.8065
0.0006 9.1169
9999.9991 6.5430
0.0002 93.1044
0.0008 93.5364
0.0004 94.2694
0.0002 7.8861
0.0008 8.9719
9999.9996 6.7960
9999.9991 4.2481
0.0004 6.5611
9999.9998 99.0635
0.0005 94.0564
9999.9996 90.7874
9999.9997 91.6509
0.0007 98.6553
0.0003 5.0457
0.0003 7.3867
9999.9995 3.2011
9999.9995 5.6088
9999.9991 9.1840
9999.9996 91.4989
9999.9997 9.2834
9999.9997 92.5697
9999.9992 94.9475
0.0004 1.1974
9999.9993 91.0422
9999.9995 92.6630
9999.9993 6.4377
9999.9994 98.0311
9999.9995 3.7460
0.0002 96.2823
0.0002 5.2531
9999.9992 3.3607
9999.9993 98.3708
0.0009 93.3936
9999.9990 7.0196
0.0008 5.1544
9999.9994 1.4266
0.0009 92.1045
0.0008 0.7470
9999.9997 91.0955
0.0009 95.2161
9999.9990 9.7679
9999.9990 96.0838
9999.9996 5.2867
9999.9990 1.6375
0.0010 1.5981
10000.0000 3.0533
0.0009 96.4966
9999.9997 0.6632
0.0003 2.1194
9999.9992 9.2377
9999.9991 5.2120
0.0010 4.9328
0.0006 97.1068
0.0006 7.4895
0.0006 90.9887
9999.9998 1.2627
0.0001 91.3634
0.0003 1.2822
9999.9997 6.7635
0.0002 7.5138
9999.9998 98.6692
9999.9999 98.8496
0.0004 2.4544
0.0010 98.4562
9999.9998 92.2860
9999.9994 94.9753
0.0007 91.8257
0.0009 93.4554
9999.9995 1.8796
0.0009 94.4862
9999.9999 0.3066
0.0003 95.7080
0.0003 91.4746
9999.9991 1.9179
9999.9997 8.1440
0.0002 1.5869
0.0003 5.6452
0.0011 90.6241
9999.9998 3.8372
0.0001 96.1591
0.0002 91.3645
0.0006 94.8905
0.0006 6.1911
9999.9998 1.3391
0.0001 96.7013
0.0009 9.1254
9999.9993 4.2160
0.0002 94.5828
0.0006 92.6033
9999.9999 7.7904
0.0010 98.6286
10000.0000 91.8732
9999.9994 93.5808
9999.9997 94.7147
0.0005 96.5550
2 9999.9997 72.3921
9999.9998 35.4376
0.0008 73.0205
32 9338.8227 99.2330
0.0011 5.3030
9999.9997 92.1443
9999.9999 1.1560
9999.9992 93.3284
9999.9992 97.8628
0.0001 92.0120
9999.9994 94.7325
0.0010 2.9925
0.0008 1.0927
0.0008 7.6000
9999.9994 99.2330
0.0008 1.1465
9999.9990 95.3354
0.0007 96.6800
9999.9990 4.4741
9999.9993 90.4058
9999.9993 1.2174
0.0006 98.8778
9999.9990 9.7043
10000.0000 2.9614
9999.9992 93.9207
9999.9995 98.2763
0.0001 96.9291
0.0002 95.7096
9999.9993 6.4750
0.0006 98.7415
0.0006 96.1473
0.0008 95.8341
0.0006 4.6633
0.0004 7.5066
9999.9997 94.2090
0.0004 94.3392
5 10000.0000 44.8196
5327.4626 84.1172
7369.5620 49.9294
8444.2627 5.5221
8088.3409 36.5044
6442.1374 38.8962
13 0.0009 97.5956
0.0007 94.8124
9842.2143 97.9697
8139.8795 15.7448
0.0006 74.0423
9999.9998 65.1931
9999.9997 3.3245
846.4379 60.2014
1194.6521 32.7058
9999.9990 59.3891
9999.9999 94.8748
0.0004 94.7706
0.0003 68.9670
8912.4453 60.1626
1 5178.4479 97.3390
8732.4198 97.3390
91 0.0011 0.9341
9999.9999 66.4163
9999.9999 5.0709
9999.9996 25.3454
10000.0000 3.2614
9999.9994 70.0892
9999.9996 10.8853
9999.9999 59.3289
9999.9992 52.1642
10000.0000 16.0288
9999.9996 10.7913
10000.0000 41.4876
9999.9991 75.5350
9999.9994 41.1400
9999.9993 9.6332
9999.9990 56.6294
9999.9991 13.6547
9999.9994 39.3777
9999.9994 94.8506
9999.9990 35.8471
9999.9992 50.0333
9999.9994 19.3895
9999.9996 61.8964
9999.9998 45.9093
9999.9997 32.0711
9999.9993 48.1176
9999.9991 24.9767
9999.9997 0.9341
9999.9995 27.9523
9999.9999 12.5390
9999.9998 79.3737
9999.9998 12.4050
9999.9997 82.5676
9999.9998 53.4184
9999.9997 40.7342
9999.9998 63.4178
9999.9992 21.0403
9999.9993 82.4399
9999.9997 46.9765
9999.9992 52.6812
9999.9992 90.3673
9999.9996 60.4474
9999.9998 72.4118
9999.9992 39.0310
9999.9993 3.5999
9999.9991 88.8519
9999.9996 1.9241
9999.9995 58.9042
9999.9992 23.4454
9999.9994 24.8528
9999.9996 16.3040
9999.9992 89.0315
9999.9999 48.1075
9999.9999 33.1840
9999.9996 47.5865
9999.9998 65.5601
9999.9999 81.0740
9999.9993 18.9600
9999.9996 89.5017
9999.9996 83.4955
9999.9994 62.2582
9999.9992 81.5260
9999.9998 82.3196
9999.9991 65.5497
9999.9997 91.6273
9999.9993 8.4225
9999.9998 15.4536
9999.9994 65.0247
9999.9990 17.4602
9999.9999 52.3422
9999.9995 22.3257
9999.9992 29.2795
9999.9995 6.0138
9999.9997 68.1770
9999.9995 64.5223
9999.9996 3.3204
9999.9998 97.0097
9999.9994 94.4863
9999.9996 23.6877
9999.9991 46.5046
9999.9993 29.9745
9999.9993 68.6976
9999.9993 77.0881
9999.9998 52.2016
9999.9991 26.8687
9999.9997 20.6978
9999.9993 53.7158
9999.9992 74.5314
9999.9997 34.1348
9999.9996 48.2649
9999.9994 15.6809
9999.9996 86.2395
10 0.0011 20.2371
0.0002 26.4287
9999.9997 50.3117
0.0004 20.3746
0.0009 70.9513
0.0010 20.2371
0.0006 92.8978
9999.9996 9.3519
9999.9999 96.9722
9999.9992 53.3827
9999.9993 55.2122
64 801.1073 1.9177
9999.9992 2.9778
0.0002 91.1057
9999.9996 97.3546
0.0010 96.4599
9999.9999 8.2131
0.0007 92.6825
9999.9990 99.5454
9999.9997 95.5113
9999.9990 95.0961
0.0008 91.8531
0.0009 2.7991
9999.9996 92.2481
9999.9999 92.4420
9999.9991 95.4031
9999.9992 7.0883
9999.9991 7.4870
0.0003 3.8357
0.0010 5.0829
0.0004 4.6346
0.0008 8.2761
9999.9997 9.5889
9999.9995 93.1132
9999.9990 2.2665
0.0001 97.7073
0.0008 98.5106
9999.9999 94.7950
9999.9994 93.5453
0.0002 99.7617
0.0006 3.9601
0.0007 8.3420
0.0003 93.9295
9999.9992 3.1520
0.0006 91.7811
0.0003 5.1691
9999.9998 1.6987
9999.9997 4.5817
0.0007 2.5419
0.0010 91.2465
0.0003 99.6961
9999.9995 89.9874
0.0002 94.7117
0.0006 90.8413
0.0006 92.4355
0.0009 2.4197
0.0004 3.3664
0.0002 97.6189
9999.9997 98.4108
0.0005 90.1165
0.0009 92.3203
10000.0000 95.3715
9999.9990 8.9320
9999.9996 95.3306
9999.9990 98.5233
0.0009 93.2558
0.0005 92.2952
9999.9997 1.9654
9999.9995 97.5556
0.0005 6.0569
9999.9996 9.3307
9999.9991 95.4317
0.0002 6.8108
9999.9991 2.0890
9999.9996 6.7479
9999.9990 94.4173
100 0.0011 99.5593
0.0003 99.0777
9999.9996 54.2403
0.0010 13.5159
9999.9993 14.9182
0.0007 8.6600
9999.9991 54.2117
0.0002 33.1189
0.0003 72.2575
0.0001 23.0946
0.0005 70.4568
9999.9998 30.3176
9999.9992 43.1965
9999.9991 90.1278
0.0004 88.3994
9999.9996 63.4259
0.0004 5.1253
9999.9998 49.4259
0.0004 70.0732
0.0007 31.8808
9999.9994 82.5956
0.0003 18.7293
9999.9997 94.0603
9999.9993 70.5921
9999.9998 64.8951
0.0003 83.8683
0.0005 46.9977
9999.9992 36.6411
0.0007 76.6145
9999.9998 80.6908
10000.0000 51.2992
9999.9994 61.3211
0.0009 15.1340
0.0009 8.7175
0.0010 97.6209
9999.9992 79.7798
0.0009 90.4679
0.0006 66.3859
0.0006 91.8075
0.0005 21.0860
9999.9992 32.0539
9999.9993 46.8310
0.0010 50.8994
9999.9992 89.8198
0.0003 18.9066
9999.9990 75.1887
9999.9993 23.2570
0.0003 64.9407
0.0004 44.4284
0.0003 99.7490
9999.9993 40.1982
0.0008 83.1689
0.0006 14.1664
9999.9995 53.0894
9999.9993 97.4872
9999.9991 18.4640
9999.9991 19.8456
9999.9994 99.8384
9999.9994 26.7186
9999.9993 66.2241
9999.9992 53.8290
0.0004 47.5563
0.0003 94.8768
9999.9996 5.2610
0.0008 12.4155
9999.9993 95.7721
9999.9998 43.9340
0.0001 17.1563
9999.9997 25.3321
9999.9992 97.8938
9999.9999 94.8818
9999.9997 4.9126
0.0001 7.6207
0.0010 72.8104
0.0003 19.0770
0.0002 96.9197
9999.9991 91.9600
9999.9995 66.2500
9999.9990 17.7596
0.0006 21.7998
9999.9992 42.3864
9999.9997 52.9318
9999.9992 47.8355
9999.9998 93.7229
0.0003 70.5041
0.0009 40.9496
0.0006 47.2240
0.0006 52.5496
0.0008 62.3525
0.0007 37.6807
0.0004 1.6905
0.0007 47.2032
9999.9992 28.6734
9999.9997 77.2913
9999.9994 17.5298
9999.9997 66.3597
0.0006 52.3774
0.0003 39.1229
0.0002 64.0990
9999.9996 78.5308
0.0006 91.7858
59 9999.9991 0.1981
9999.9990 33.1881
0.0007 88.1538
0.0007 62.4233
0.0010 54.5427
0.0001 98.2533
0.0010 17.6300
0.0008 19.4071
0.0006 3.5694
9999.9993 14.2680
0.0006 40.2153
0.0001 95.5214
9999.9991 80.4024
9999.9995 3.4051
0.0004 79.1204
9999.9993 34.5815
9999.9994 34.1601
0.0001 81.8993
9999.9994 21.2983
9999.9995 90.6542
9999.9995 43.0556
0.0006 81.7843
9999.9998 46.2940
9999.9994 41.7749
0.0004 0.1981
0.0008 17.5527
9999.9997 62.4351
9999.9995 59.2795
9999.9991 29.1527
9999.9996 19.7333
9999.9994 51.7499
0.0008 85.8772
0.0002 12.0076
9999.9993 58.6551
0.0008 11.1907
0.0005 33.8531
9999.9992 52.3569
9999.9994 56.3013
9999.9992 50.4244
9999.9995 38.6060
0.0007 20.7101
9999.9993 19.5122
0.0007 18.8440
0.0004 38.9107
9999.9995 67.5924
0.0004 22.2195
9999.9992 93.0193
9999.9990 44.0756
0.0005 70.9329
0.0002 54.6788
0.0011 53.1775
0.0004 71.0339
0.0008 28.7765
0.0006 82.7548
9999.9992 7.4651
0.0011 36.2535
9999.9990 84.4757
9999.9996 65.5957
9999.9998 1.8502
0.0009 51.4805
45 9999.9993 1.7157
0.0002 64.0750
0.0003 29.5611
0.0002 21.8784
0.0004 67.4161
0.0007 18.0771
0.0005 51.7061
0.0006 37.0893
0.0011 90.5362
0.0003 61.6622
0.0008 92.3812
0.0008 47.6890
0.0007 51.6880
0.0010 77.5714
0.0010 8.4803
0.0002 76.1609
0.0008 1.7134
0.0010 21.2681
0.0003 44.7587
0.0003 39.8497
0.0009 23.9103
0.0003 3.0374
0.0007 70.1233
0.0003 78.7977
0.0003 67.6629
0.0002 31.9590
0.0004 37.5180
0.0007 73.4813
0.0008 86.4536
0.0009 16.2353
0.0001 54.1541
0.0006 70.8850
0.0005 69.7203
0.0005 79.7308
0.0009 21.4188
0.0008 16.1763
0.0006 88.7430
0.0001 75.1309
0.0007 16.6347
0.0003 33.8577
0.0004 99.5212
0.0003 58.4223
0.0003 53.5810
0.0009 46.0164
0.0008 59.3041
0.0006 24.8925
95 970.6717 0.1000
5177.0771 76.4021
1997.1260 48.0215
2401.8041 47.5403
2852.6868 35.0214
8444.7495 97.7682
678.2299 5.9282
5255.7775 3.4796
3681.1298 94.0542
730.0438 99.7761
6578.4779 4.7249
6468.3501 98.9712
809.5018 59.6756
4199.0699 5.4771
9368.2417 65.9333
3365.6858 67.6432
6688.9706 77.4135
4241.9375 20.4408
8755.2571 9.0573
4822.0445 4.8012
3231.5579 52.7997
5880.5204 19.0366
2381.4449 2.4727
5386.9481 77.0030
4456.1524 80.2340
2984.9755 99.4539
4106.1293 77.0876
8126.3339 13.9405
306.7321 54.7702
4634.8818 81.6108
5869.3291 58.6663
1028.9269 37.2264
2648.5035 13.7695
8882.7661 0.1000
3245.5344 43.0133
6850.1814 48.6083
5713.9018 22.4092
1623.4846 79.6900
8764.1822 76.8026
6430.1963 71.2592
6165.8649 6.0567
97.5237 99.1264
8195.2792 78.7368
5823.6310 62.8797
1333.9221 19.4518
3510.7481 36.0734
5709.4767 65.8062
4551.6939 35.7807
7623.3266 78.0936
7419.2788 57.9356
5129.0344 91.3282
5190.0086 15.7928
4974.0379 21.8146
2836.0215 47.2420
3028.5260 96.1097
9154.8806 1.0237
1687.1047 96.2453
4593.8924 33.7196
6722.7013 27.1094
8297.1284 31.0600
8528.7578 62.1428
7594.2451 43.8459
2155.8086 12.3600
1945.2797 51.1214
7079.0069 38.9366
8660.7189 97.2564
7480.3776 55.6990
4272.7031 66.0106
1832.7923 61.3795
2734.6229 82.5092
6796.6491 45.3641
9924.7523 10.7168
2497.6788 65.9768
2416.3839 48.3820
7421.0929 69.1450
3125.1122 81.5140
3304.0480 73.5021
2674.3463 49.3431
8354.9198 21.7702
8673.0761 40.9802
1279.4061 46.8313
8536.9546 98.9108
6718.0335 77.0475
1456.8105 37.1551
1509.3601 97.9222
7177.5270 94.6517
2178.7531 51.4802
8320.3358 80.4737
9530.6720 88.6085
2303.7444 13.5832
8285.8127 90.6124
3254.3254 16.9143
4961.2226 6.6127
5277.0082 17.7146
7560.1128 66.4778
3102.8482 62.7129
44 9999.9996 47.2388
9999.9991 20.2268
9999.9998 76.8970
0.0009 23.6340
9999.9993 43.5129
9999.9992 91.7088
0.0002 54.4238
0.0003 37.1077
0.0002 30.9401
0.0002 88.2084
0.0007 72.3348
0.0007 72.2700
0.0004 64.4949
0.0002 51.7161
9999.9994 88.5840
0.0008 43.2397
0.0006 22.6824
9999.9995 45.4573
9999.9990 40.3691
9999.9991 0.6611
0.0011 0.5831
9999.9997 44.8089
0.0009 94.1519
0.0011 60.4031
9999.9995 19.2602
0.0011 77.6173
0.0004 55.7993
9999.9992 63.4555
9999.9993 86.6883
0.0011 5.7888
0.0003 4.1418
9999.9996 98.6706
9999.9992 73.3977
0.0009 6.5461
9999.9994 69.0140
9999.9992 48.5398
0.0005 19.9380
0.0003 1.7326
9999.9991 78.8096
9999.9998 17.8336
0.0006 25.8976
9999.9994 38.6834
9999.9997 93.1439
9999.9994 7.6401
10000.0000 17.4938
59 0.0004 46.8796
9999.9994 52.3739
9999.9995 30.9328
9999.9994 27.9754
9999.9999 32.3545
9999.9996 43.9990
9999.9994 73.6870
9999.9994 64.4496
9999.9994 23.2663
9999.9991 30.8064
9999.9995 39.3528
9999.9996 22.8307
9999.9990 5.5450
9999.9995 65.4194
9999.9999 32.6600
9999.9997 54.2581
9999.9996 49.9452
9999.9998 68.0279
9999.9996 46.9652
9999.9999 38.5757
9999.9993 28.1738
9999.9994 58.4747
9999.9991 77.6998
9999.9991 40.1378
9999.9991 37.7226
9999.9994 8.9854
9999.9994 41.0253
9999.9996 39.0904
9999.9997 55.3303
9999.9999 22.5172
9999.9992 83.4673
9999.9991 21.1274
9999.9994 79.9034
9999.9997 54.9201
9999.9998 11.2064
9999.9999 43.5689
9999.9995 74.8542
9999.9996 5.1908
9999.9993 34.1011
9999.9991 8.4548
9999.9995 88.7930
9999.9997 74.7651
9999.9992 73.0283
9999.9998 90.0588
9999.9999 5.4864
9999.9996 30.7690
9999.9995 32.8134
9999.9996 76.5470
9999.9991 84.5335
9999.9993 44.5505
9999.9997 51.6551
9999.9998 69.3438
9999.9993 5.5940
9999.9992 48.8942
9999.9990 37.2032
9999.9999 40.3382
9999.9992 49.4780
9999.9999 59.9844
9999.9991 95.0024
9999.9994 77.6821
66 0.0010 98.5760
9999.9992 42.0822
9999.9999 7.7133
9999.9996 71.8555
9999.9996 46.0486
9999.9996 19.1633
9999.9992 6.0873
9999.9996 33.1104
9999.9996 44.8958
9999.9991 72.4986
9999.9994 16.5323
9999.9991 23.5453
9999.9997 76.3866
9999.9992 82.4630
9999.9993 19.9986
9999.9991 49.9388
9999.9991 21.4720
9999.9996 64.0263
9999.9990 84.0921
9999.9994 52.2960
10000.0000 87.0698
9999.9997 10.5478
9999.9995 52.4202
9999.9990 41.7867
9999.9994 29.4329
9999.9995 65.1080
9999.9993 80.9024
9999.9993 50.2964
9999.9991 6.9190
9999.9995 98.5757
9999.9998 3.7032
9999.9994 58.1219
9999.9992 36.8929
9999.9993 72.9893
9999.9998 59.5647
9999.9994 27.3716
9999.9995 34.2861
9999.9994 92.8114
9999.9998 21.8707
9999.9993 52.2785
9999.9993 59.1495
9999.9998 89.4047
9999.9995 6.4816
9999.9992 64.0926
9999.9993 55.3593
9999.9994 91.9657
9999.9996 84.9742
9999.9999 18.2513
9999.9991 12.8246
9999.9998 13.2614
9999.9991 13.1825
10000.0000 49.3936
9999.9994 57.1191
9999.9991 16.4797
9999.9993 37.4617
9999.9998 87.3956
9999.9996 76.5587
9999.9991 49.6446
9999.9992 53.6545
10000.0000 34.1999
9999.9999 32.7369
9999.9999 70.9627
9999.9999 23.2791
9999.9998 83.5071
9999.9992 93.3140
9999.9999 40.8987
10000.0000 69.3903
37 0.0002 85.5000
0.0004 76.0039
0.0003 87.0595
0.0011 78.6978
0.0003 49.3432
0.0003 30.1261
0.0008 88.5656
0.0009 9.4354
0.0006 72.7711
0.0007 79.6246
0.0007 27.2984
0.0001 61.5754
0.0007 8.3697
0.0009 66.1315
0.0005 75.0923
0.0007 46.9756
0.0005 34.6372
0.0008 31.5111
0.0010 8.1713
0.0009 54.7734
0.0006 62.1182
0.0009 20.4444
0.0007 85.5000
0.0009 55.3181
0.0011 43.8189
0.0003 62.4866
0.0008 43.6362
0.0009 41.4983
0.0010 67.0085
0.0005 81.6685
0.0003 77.3143
0.0002 51.4970
0.0009 39.2321
0.0004 48.3215
0.0004 53.8284
0.0005 67.1736
0.0004 2.7270
0.0010 20.8290
92 9999.9997 42.6127
6511.7972 69.5506
0.0007 81.7179
0.0007 94.1349
2801.9408 24.5017
9999.9993 73.5184
7033.8919 77.0021
0.0005 22.9617
0.0007 34.1319
9999.9994 2.0027
9999.9997 8.0573
0.0002 56.5366
112.9764 23.7687
9310.1603 92.6281
0.0002 90.4853
0.0006 98.3258
9999.9997 10.9023
0.0004 17.8071
9999.9990 21.2722
0.0007 95.1322
9850.9558 94.1642
9999.9990 12.9574
9999.9993 93.5647
0.0008 57.7287
4317.0879 31.7285
9999.9996 96.5905
8569.9756 57.3332
6601.6510 63.1599
9999.9995 92.6079
9999.9990 6.7505
0.0004 62.9077
9999.9998 63.1501
0.0003 17.1015
0.0009 93.2827
9726.6740 11.6716
8579.9898 25.9506
2797.2298 60.0413
5890.2961 21.3069
0.0006 81.9095
3700.9032 75.5165
6625.2526 43.9988
9999.9992 15.5419
5465.0742 7.8232
0.0002 95.1048
9999.9991 10.1734
0.0007 40.3914
9999.9991 21.8643
0.0002 7.7973
9999.9992 39.1167
9999.9998 53.7027
9999.9997 90.5768
9999.9993 38.9661
0.0005 86.5742
0.0003 7.9593
0.0008 12.3876
8331.9675 79.1900
0.0003 29.7870
8601.9479 20.1248
7603.4520 16.8683
9999.9999 37.3547
221.7414 9.9104
6726.0475 3.4719
1160.9468 69.5250
6674.4281 54.1327
10000.0000 64.2999
0.0004 28.4508
0.0006 41.1775
9082.8381 94.3032
9999.9992 91.0865
3917.5655 94.9735
0.0008 77.3569
0.0010 57.2876
8857.8473 47.0875
0.0001 17.0923
9999.9995 58.6306
0.0002 21.6285
6139.9205 10.4558
0.0004 69.1235
9999.9991 81.7380
9999.9999 42.6127
9999.9996 81.1796
9999.9992 2.4252
9999.9993 92.1614
0.0003 12.9042
688.5281 65.9215
0.0007 36.9366
9999.9997 6.7316
9999.9994 37.7703
9999.9990 66.2261
9999.9995 13.6519
1693.6445 45.1295
0.0005 86.1792
8837.4183 17.8867
72 0.0002 99.0273
0.0004 84.2382
0.0004 88.3352
0.0006 96.7145
0.0001 83.4614
0.0003 86.7591
0.0009 88.0542
0.0004 70.2939
0.0007 6.6227
0.0003 40.9864
0.0008 2.0252
0.0005 30.8492
0.0001 54.7712
0.0008 77.9224
0.0006 59.9459
0.0003 59.2729
0.0007 13.8505
0.0004 2.7785
0.0005 17.1514
0.0005 84.1579
0.0010 21.1121
0.0005 35.7130
0.0007 88.8224
0.0010 18.9889
0.0007 33.6911
0.0007 78.9356
0.0007 50.5398
0.0006 35.6340
0.0008 95.4241
0.0004 45.9440
0.0005 1.8957
0.0001 91.2371
0.0005 55.5909
0.0003 68.6716
0.0002 84.9973
0.0009 76.9249
0.0009 37.2735
0.0004 54.5195
0.0010 5.3075
0.0008 22.3487
0.0005 44.8439
0.0007 17.3010
0.0006 53.0008
0.0009 76.4072
0.0009 11.2199
0.0006 66.3137
0.0005 99.0273
0.0007 92.9351
0.0011 25.9690
0.0006 15.1063
0.0009 47.1181
0.0010 15.5506
0.0003 14.8354
0.0011 95.9103
0.0005 25.3394
0.0002 7.8355
0.0003 44.0916
0.0010 96.9614
0.0004 53.0710
0.0004 41.3545
0.0005 52.7398
0.0011 36.5699
0.0007 33.2072
0.0004 59.9613
0.0002 50.2801
0.0010 15.9547
0.0003 53.8852
0.0009 2.7941
0.0006 30.5050
0.0002 22.5495
0.0010 65.6085
0.0006 20.4836
0.0007 63.2902
59 9999.9999 97.5805
9999.9996 66.6112
9999.9994 75.5970
9999.9993 82.5065
9999.9991 21.1639
9999.9993 62.6081
9999.9990 16.6769
9999.9991 97.5805
9999.9993 82.4851
9999.9994 69.9216
9999.9990 7.6160
9999.9999 52.6566
9999.9993 96.3185
9999.9990 36.3324
10000.0000 56.9681
9999.9995 60.2687
9999.9996 69.3890
9999.9994 19.8933
9999.9991 60.9422
9999.9996 46.4269
9999.9998 29.6062
9999.9998 27.8906
9999.9991 80.8818
9999.9992 39.7353
9999.9992 47.5180
9999.9995 50.9657
9999.9998 29.2109
9999.9995 71.0325
9999.9994 40.8082
9999.9992 18.2056
9999.9998 33.1977
9999.9994 65.0407
9999.9996 45.9566
9999.9998 60.9064
9999.9994 17.2461
9999.9992 88.9481
9999.9997 87.4024
9999.9993 87.0566
9999.9991 12.6692
9999.9991 78.2186
9999.9992 36.3850
9999.9999 44.0440
9999.9996 94.3273
9999.9992 32.1566
9999.9997 62.9649
9999.9994 38.2082
9999.9992 54.3182
9999.9997 1.5153
9999.9999 15.1198
9999.9991 10.5304
9999.9996 62.8233
9999.9994 4.4853
9999.9998 33.4601
9999.9996 70.6497
9999.9999 77.4842
9999.9999 4.9504
9999.9998 72.0151
9999.9993 56.1057
9999.9991 57.6972
9999.9996 39.7983
78 9999.9992 0.6137
0.0002 44.9490
9999.9993 88.9751
9999.9990 7.5790
0.0010 1.0342
4503.1808 28.1692
7881.6243 50.1610
9999.9996 79.6287
1998.4175 49.5082
6487.1907 71.5960
10000.0000 21.2166
9999.9999 52.2840
0.0007 37.1490
8902.1525 33.0545
0.0010 42.8337
0.0010 77.9185
9999.9997 92.1637
740.8578 53.7749
0.0006 66.4569
9999.9995 48.3808
0.0008 54.9746
139.0695 5.1654
9999.9997 61.0073
5979.7517 48.3221
9999.9998 5.4852
9935.3094 68.1255
9450.3342 8.6722
0.0006 91.9616
9999.9995 85.1892
9654.8792 75.3119
0.0006 67.2090
0.0002 13.5533
5819.2500 29.1749
7206.7987 95.9252
9421.7778 87.5005
6589.8091 17.3716
8006.6428 49.4220
9999.9993 84.0450
9999.9997 28.5415
9999.9999 74.9686
0.0006 6.8187
0.0001 98.7646
0.0005 83.5507
9999.9993 77.1393
9512.6043 20.4450
3131.1567 56.9924
7617.9165 0.6137
2980.8510 59.5117
9999.9999 91.5681
9999.9995 75.0034
0.0003 51.6492
4219.0393 56.0896
7123.8931 97.6610
9999.9992 22.5045
10000.0000 54.4412
7716.1611 18.8898
0.0010 73.5379
9999.9991 48.6728
0.0008 28.0038
0.0003 42.5809
0.0008 53.1066
2363.2916 64.5390
9999.9993 57.4775
0.0002 80.0459
0.0003 90.7988
0.0004 55.8883
0.0006 55.4176
9999.9992 55.4657
9999.9991 92.0162
9999.9999 38.8547
1785.5501 10.9339
0.0009 21.1841
0.0011 29.3009
0.0006 33.6619
9999.9997 35.3351
9999.9999 53.8071
9999.9993 80.5025
0.0005 74.8109
441.5618 87.2580
95 4289.9815 97.3971
9999.9991 92.4901
9999.9993 96.5812
9999.9995 99.8663
0.0005 96.4888
9999.9995 1.0486
9999.9993 95.1329
0.0004 2.1274
9999.9996 92.9246
9999.9998 5.5286
0.0009 91.2977
9999.9995 8.9691
9999.9993 99.7110
9999.9999 5.3186
0.0002 3.6591
9999.9993 94.1193
0.0005 95.5014
9999.9992 90.6646
0.0009 92.8703
0.0001 3.7334
0.0007 90.2611
0.0004 94.0869
0.0008 98.5335
0.0003 5.2329
0.0004 96.6464
0.0004 93.6238
0.0008 7.4869
9999.9991 94.9898
9999.9991 5.4640
9999.9992 7.7658
9999.9992 8.4222
0.0001 90.1326
9999.9999 3.2348
9999.9997 7.0043
0.0006 93.4457
0.0004 7.2158
0.0009 1.6890
0.0005 94.1601
0.0008 4.0960
9999.9998 6.4776
9999.9998 98.6052
0.0005 97.9410
10000.0000 7.7972
0.0005 99.3523
9999.9997 91.0397
0.0005 94.9285
0.0009 6.3844
0.0004 6.1467
9999.9993 91.5288
0.0010 9.1267
0.0004 1.1742
0.0001 95.4346
9999.9991 92.3570
9999.9994 7.9457
9999.9999 6.2988
0.0006 7.5475
9999.9991 3.7997
0.0005 97.5687
0.0008 94.4014
9999.9994 8.8409
9999.9998 99.3843
9999.9997 96.4299
9999.9994 93.4659
0.0006 97.7498
0.0010 90.3300
9999.9990 2.6699
9999.9994 91.0622
9999.9998 96.0309
0.0005 95.4951
9999.9999 9.6021
9999.9999 8.1147
9999.9998 5.6644
0.0002 95.5593
9999.9991 0.1928
9999.9997 6.7616
0.0002 93.4919
0.0005 5.2415
9999.9993 99.4253
0.0010 7.0537
9999.9997 2.4705
9999.9996 92.9008
0.0006 99.3839
9999.9995 4.7500
0.0008 91.5610
0.0003 9.2657
9999.9998 5.2733
0.0010 90.3704
0.0003 93.3915
9999.9994 0.7933
9999.9991 7.6295
0.0006 98.8412
0.0011 92.1690
0.0006 5.0033
9999.9991 98.4896
0.0006 95.0697
9999.9994 90.6742
81 9999.9991 1.5951
0.0002 78.4661
9999.9997 50.6757
0.0004 12.0581
0.0007 5.4772
9103.8381 25.7526
9999.9996 91.2917
2605.8543 44.2025
10000.0000 54.1756
9999.9998 79.4420
0.0009 19.6689
0.0002 79.8829
3337.8354 21.4324
9999.9999 65.8250
0.0001 97.1759
0.0004 70.5503
9999.9991 72.8799
0.0004 41.7762
0.0006 35.2392
9999.9991 89.5804
5988.1743 64.1278
6482.7896 12.4153
0.0004 77.5852
0.0002 69.4273
0.0010 86.5229
834.4326 24.2839
0.0002 73.4130
9999.9999 77.4240
0.0002 74.0577
9483.0867 80.1615
4770.7603 75.7119
9999.9999 28.8285
9999.9996 86.1437
6019.8455 81.0871
9999.9990 96.3843
0.0004 93.5126
9999.9996 99.4129
0.0002 16.3501
9999.9993 15.7874
8489.4069 97.6062
8615.4155 66.2220
7287.2538 39.0480
0.0003 84.5535
8815.1439 17.2727
0.0005 60.3314
0.0002 86.9912
684.4775 89.1905
9999.9990 91.1987
0.0004 48.6224
0.0003 7.2208
0.0006 87.2949
9999.9997 84.1725
9999.9996 30.3895
17.6356 1.5961
6727.0289 72.9521
327.9416 72.7897
0.0011 69.2270
6170.0653 44.9543
0.0005 30.8829
2821.1875 35.7663
9999.9991 72.5037
6394.0210 86.9918
10000.0000 78.0125
9999.9999 59.1465
9999.9998 77.3867
7920.6522 28.4973
0.0007 67.2144
8748.2120 81.2180
931.6905 41.3676
9999.9996 79.1863
4228.2821 76.2046
0.0002 46.2876
0.0003 90.1785
9999.9998 2.2852
5551.3260 26.6709
9999.9993 85.1882
7526.9502 81.4190
9999.9997 67.4244
286.4763 5.6402
9999.9994 85.3588
9999.9999 12.0781
9999.9996 81.3424
15 0.0011 46.6661
0.0003 52.9010
0.0002 62.7024
4233.5972 1.9377
9999.9994 62.3449
9999.9996 48.8050
5353.1409 42.8642
3538.4339 48.1658
0.0007 7.5741
1936.0139 60.7028
0.0003 20.2926
9999.9993 78.0637
9999.9999 74.9250
0.0007 35.4760
10000.0000 73.2361
5001.1455 30.0001
44 9999.9992 52.3195
8468.3835 43.3154
0.0001 98.9052
7417.5804 84.6039
0.0003 24.2952
9999.9996 60.5658
6727.0725 25.7559
8710.5563 6.8771
9999.9996 10.3873
9999.9996 51.2404
9999.9993 61.6688
1554.0773 17.3321
9999.9995 65.5037
0.0011 64.2912
0.0006 66.1053
9999.9999 22.9961
9999.9995 67.1980
9999.9997 32.8155
0.0007 58.7779
0.0009 43.3540
2493.3058 85.0004
0.0004 76.3972
9999.9997 15.7672
4859.9211 80.7796
9999.9994 89.0752
0.0001 87.5581
1222.1491 80.3901
9999.9992 68.4162
0.0008 66.3114
4327.2598 10.5065
1884.6349 52.1904
0.0004 48.4657
9999.9996 74.0692
9999.9995 86.7870
7528.6079 20.8711
2884.1294 13.3722
0.0007 49.4914
6593.3881 0.7621
0.0008 30.4836
0.0002 92.4422
0.0004 2.0173
9999.9996 35.5908
8783.6820 86.2971
9999.9996 76.3275
8130.2389 66.7007
79 8150.2182 99.7028
729.2487 5.9640
598.1102 6.3857
1195.0651 7.1686
346.7878 7.6048
8551.5181 93.7758
5987.9567 93.1062
8840.7620 4.4292
8087.1047 94.4629
1037.6349 95.6356
7295.2301 4.5668
924.1395 96.8111
6797.6153 95.9967
5611.4242 7.8798
6727.9319 91.1187
2809.0208 8.4157
381.5895 5.4822
9807.2209 98.1778
1762.8830 92.7373
1399.2657 99.4908
11.9095 9.3480
8705.5427 97.6281
4222.6253 8.7263
9127.0576 93.4241
3661.3714 95.7162
2041.2779 92.0466
1651.5724 6.3144
2827.1532 9.8304
8672.0999 0.2500
4265.9530 97.4925
8624.9973 8.7077
1485.4553 91.5982
6696.7688 9.9379
783.3366 7.5094
3098.6220 5.5170
6798.5316 97.0892
621.9887 91.5267
135.4214 4.1450
6314.8460 93.1683
7452.3391 6.2787
1286.1976 94.7010
9093.9597 9.9445
8813.1142 9.6975
4509.1428 9.6001
3582.6170 98.3111
3784.3726 95.5312
2177.0119 1.1974
1918.2406 0.6096
9089.4455 98.5836
8224.1782 3.1658
6792.7747 9.0407
4721.8048 99.3239
4329.7084 91.6513
5470.3868 9.9628
3444.9833 5.6505
9189.6444 93.0634
3068.5159 7.2367
1331.8313 97.8118
7753.2991 91.7937
5542.0203 96.6565
3703.0256 99.0548
3811.3566 8.4787
3728.5804 8.0328
4398.6919 94.4554
2000.9202 92.0171
3815.7383 98.1740
7186.1522 98.6795
4912.7872 98.6507
4777.8472 94.8449
6265.3396 8.8823
3731.1622 90.4062
7789.9695 8.5084
3796.2301 9.7265
8233.7266 96.8366
1392.4259 99.8180
7763.3779 0.6685
6705.1549 8.2483
8296.1747 99.6835
3565.9974 93.1568
8316.0097 97.1463
64 0.0002 0.2949
0.0003 8.5976
0.0011 63.2068
0.0004 16.2259
0.0006 58.9913
0.0004 60.3421
0.0006 33.8222
0.0009 59.8566
0.0006 62.0346
0.0001 39.6148
0.0001 51.1289
0.0001 58.3222
0.0005 21.7953
0.0009 18.9705
0.0002 80.0186
0.0002 22.0102
0.0009 56.5642
0.0010 93.1230
0.0009 30.0690
0.0002 72.2126
0.0001 38.1810
0.0008 62.6418
0.0002 8.0963
0.0010 58.0735
0.0009 74.3597
0.0006 38.5340
0.0007 9.9849
0.0009 52.6853
0.0010 24.6760
0.0006 8.6368
0.0007 95.6107
0.0003 7.1272
0.0008 84.1246
0.0007 76.5488
0.0006 10.3045
0.0010 35.0952
0.0010 35.3300
0.0010 50.1511
0.0004 94.8295
0.0002 76.4973
0.0009 76.9390
0.0002 49.4996
0.0007 49.0119
0.0004 27.1789
0.0008 98.6883
0.0005 70.4591
0.0003 15.8998
0.0007 64.9795
0.0001 37.8050
0.0008 36.3001
0.0008 50.3990
0.0011 72.1768
0.0008 69.2849
0.0007 0.4180
0.0004 73.0334
0.0008 52.1351
0.0006 88.4323
0.0002 86.0353
0.0004 89.6579
0.0005 1.3696
0.0005 0.2949
0.0003 92.6412
0.0009 62.8583
0.0009 97.1509
0.0009 2.9053
100 0.0008 99.5949
9999.9995 6.9735
3741.8886 44.3761
9999.9997 49.8096
9999.9992 46.0242
0.0004 12.3004
0.0007 11.4533
0.0005 28.7424
8941.7227 93.8755
9999.9997 25.3996
9999.9996 40.7499
9999.9993 74.3027
0.0007 56.7060
9999.9991 44.9976
9999.9999 66.5427
9999.9999 88.8165
7299.4289 94.0156
330.1884 30.9989
10000.0000 51.6817
9999.9998 66.6086
9466.8435 13.5846
9999.9994 57.5534
0.0005 74.3932
9999.9991 85.5524
6588.3875 57.6928
651.9938 98.6222
0.0004 88.1112
6921.2559 36.9932
2714.9107 92.8708
8615.7353 9.5817
0.0006 61.9935
0.0002 95.8466
0.0010 67.0146
3191.6316 75.0239
4873.3252 11.4564
4118.5251 44.7329
0.0010 26.5098
7685.0109 18.3025
9999.9995 84.3603
8399.9884 17.1424
4292.0941 35.5432
7981.2264 35.8058
0.0002 46.8267
8467.0711 97.7744
9999.9990 70.5589
9999.9998 21.1556
7482.2064 16.4610
9999.9991 73.9177
0.0004 16.3213
9999.9998 50.6803
0.0006 71.8147
9999.9993 28.9194
4009.7491 49.9411
0.0006 48.1113
0.0003 73.4418
0.0008 32.2356
348.3080 93.7085
9999.9994 18.8922
0.0004 48.4994
9999.9992 64.4225
9999.9994 14.4828
0.0007 58.1347
9796.8101 62.6334
0.0011 28.2921
5060.8196 45.7624
9999.9995 20.1354
0.0011 51.7569
0.0004 60.9826
0.0004 67.2962
7.1524 17.1898
9999.9996 89.1737
0.0002 83.7980
0.0008 39.2649
8022.4926 96.7872
0.0007 32.9681
10000.0000 22.7973
0.0011 75.7307
9999.9995 49.1540
2682.4035 77.5009
0.0010 24.4359
6046.9474 35.9425
8626.5656 36.8579
9999.9994 64.8327
0.0010 4.1215
0.0005 52.9909
9999.9999 97.2676
0.0007 80.6662
5407.9701 68.8495
785.5914 90.1506
3589.9101 5.4999
1418.3998 36.0008
9999.9994 90.7112
3039.1405 95.6947
0.0004 53.4240
0.0011 99.5949
9999.9993 43.0313
9999.9991 74.4454
10000.0000 69.7097
0.0005 9.8186
9999.9993 61.7582
0.0008 82.7883
54 9999.9993 98.7536
0.0005 45.2505
7310.8526 51.0794
2256.8826 62.4885
9999.9993 44.7325
4179.5033 74.3569
3505.7423 25.9866
9999.9990 24.8820
0.0008 33.4899
0.0005 54.0218
0.0009 29.0812
0.0002 12.4865
9999.9995 63.9062
9999.9992 83.6526
9999.9995 60.4880
9999.9993 23.8267
0.0011 50.4482
9999.9992 20.4000
0.0004 28.5694
9999.9998 70.1828
4149.6447 64.8507
2651.4684 93.4819
9999.9996 42.0711
5126.1040 3.4310
1132.0058 64.2547
0.0010 18.2842
9999.9999 57.0364
8079.3647 19.0941
7487.7922 9.0824
0.0003 8.7595
9999.9994 64.0745
9898.0498 61.4788
9999.9994 74.3658
8210.2168 13.4193
9999.9995 83.4768
9999.9998 14.1792
6169.0771 44.1967
1728.5714 84.8821
1603.1704 46.9974
9999.9992 92.0641
10000.0000 72.5364
0.0007 44.9939
9999.9993 18.5354
2448.6301 14.7745
0.0011 67.0573
0.0009 99.6213
0.0009 3.7506
0.0005 16.2105
0.0007 63.1275
6564.0794 32.2181
9999.9998 24.8904
3966.2985 35.0054
0.0009 43.7878
0.0003 22.5031
0.0007 69.5656
29 9999.9996 2.4902
9999.9994 87.8090
9999.9994 76.1682
9999.9992 19.6385
9999.9996 47.9286
9999.9995 8.8792
9999.9993 2.4902
9999.9991 59.2030
9999.9993 63.4773
9999.9992 51.2841
9999.9993 10.2945
9999.9997 4.3107
9999.9999 10.9191
9999.9997 90.8559
9999.9995 67.4615
9999.9994 15.1069
9999.9995 24.3289
9999.9997 61.1506
9999.9996 19.2457
9999.9995 15.4226
9999.9997 66.4856
9999.9991 80.2088
9999.9991 72.4531
9999.9993 46.5438
9999.9998 83.7224
9999.9997 5.5759
9999.9999 8.1914
9999.9997 29.5358
9999.9999 93.3370
9999.9991 74.0807
71 6205.7722 0.1000
565.1632 96.1963
6867.3426 2.6994
8145.2317 62.3944
7206.7420 6.1438
8562.9860 33.0851
6317.3875 7.2002
4211.2903 39.9059
8394.0878 3.5576
741.5273 16.6236
747.8665 93.4471
2963.8795 56.0577
3344.8469 12.3168
3957.4432 75.3162
4650.9429 94.6790
324.1643 49.8500
9916.4025 45.3171
8534.9157 22.7061
514.6245 90.7741
3210.9133 63.7192
1750.3682 90.2170
4171.7467 86.6248
9695.3827 6.0973
6730.8377 73.7097
1143.8874 71.1690
5447.2650 40.5616
8083.0546 20.8941
4493.0495 23.4784
618.2442 91.0916
3075.7783 71.0877
3586.2239 34.3743
1572.0316 55.8890
6002.7507 97.0238
6149.7067 83.3827
1729.9453 34.3787
648.5831 4.4715
1651.0170 88.3177
377.8332 69.5949
8906.5897 87.8581
5936.2935 1.0053
1882.7901 61.0842
7600.0496 83.4335
584.1652 19.8495
3998.3437 68.7262
7921.5917 12.1135
7526.3780 43.1549
9868.9053 16.6724
589.0361 6.7885
6162.4064 49.8640
1187.1099 9.0884
2775.6724 92.8315
692.4695 92.5441
897.7653 11.3816
1471.5422 81.6960
6903.1425 84.9336
4457.9653 58.6245
4272.8390 17.8903
9272.8023 20.6565
958.3547 40.4210
4680.4338 62.1786
155.9565 1.2279
2062.5987 23.5207
5593.9208 5.8742
5468.1280 46.8888
6395.0422 64.9588
504.3526 48.7695
2034.7091 21.1329
6878.6979 46.6282
1899.6791 22.3431
6300.1347 86.7835
6449.9609 41.7951
4360.6226 87.9588
76 0.0002 53.9399
0.0010 84.0680
0.0006 17.3586
0.0010 24.5798
0.0008 89.1795
0.0001 63.1600
0.0006 92.7895
0.0009 47.6688
0.0009 55.3442
0.0004 45.4243
0.0006 62.6539
0.0001 31.7239
0.0009 44.0692
0.0009 13.8096
0.0008 75.0772
0.0008 45.9139
0.0005 61.2128
0.0010 25.2393
0.0010 55.8287
0.0002 82.6549
0.0008 50.3677
0.0011 85.0901
0.0003 12.8000
0.0011 98.5859
0.0006 64.6323
0.0003 62.9893
0.0002 95.7764
0.0008 1.5522
0.0009 89.4001
0.0007 29.1746
0.0004 5.1958
0.0003 85.1363
0.0007 48.1538
0.0003 67.0776
0.0004 94.8686
0.0010 57.1626
0.0007 83.0555
0.0011 50.3998
0.0011 24.9914
0.0005 23.5894
0.0004 25.4775
0.0003 6.7886
0.0009 95.4584
0.0010 69.2892
0.0011 67.3646
0.0007 95.5215
0.0006 88.9378
0.0010 96.3769
0.0009 1.0211
0.0003 82.8070
0.0002 91.7634
0.0007 5.4572
0.0009 92.3726
0.0007 33.1380
0.0006 60.9468
0.0005 32.2994
0.0006 60.1839
0.0006 37.9765
0.0011 74.0226
0.0006 87.9594
0.0003 15.5724
0.0001 8.7368
0.0010 40.8503
0.0002 94.6115
0.0007 14.5322
0.0005 76.3071
0.0010 21.5854
0.0006 73.2087
0.0005 5.4426
0.0007 22.2973
0.0004 67.4421
0.0008 11.4704
0.0008 91.3084
0.0003 50.8278
0.0004 0.8248
0.0004 75.6465
0.0008 75.8491
2 30.0000 65.4321
0.0001 50.0000
100.0000 99.9000
87 9999.9993 97.4968
0.0007 37.9772
0.0010 36.6404
0.0001 66.2727
0.0004 83.7325
0.0002 43.4973
0.0010 20.3422
0.0005 73.0325
0.0009 25.6474
0.0006 55.7522
0.0004 42.8587
0.0007 30.6854
0.0003 46.1104
0.0010 67.6106
0.0002 54.4059
0.0008 0.7946
0.0005 58.1543
0.0009 77.4635
0.0007 62.0663
0.0001 80.5852
0.0007 21.2538
0.0001 32.9692
0.0001 70.7088
0.0010 82.9704
0.0007 88.5367
0.0002 33.6346
0.0009 93.5584
0.0003 35.5340
0.0004 50.4761
0.0004 59.4483
0.0008 73.4155
0.0004 56.6752
0.0003 22.0477
0.0002 53.0623
0.0002 21.2697
0.0004 70.5755
0.0005 70.1195
0.0002 54.2296
0.0011 73.5143
0.0005 27.1788
0.0009 36.1271
0.0005 19.7419
0.0009 93.7430
0.0005 8.7915
0.0009 75.6900
0.0008 54.8514
0.0002 34.6751
0.0004 25.8142
0.0010 75.2858
0.0006 34.8770
0.0010 70.9771
0.0008 7.1259
0.0009 54.7185
0.0003 4.5536
0.0001 2.4411
0.0005 63.8434
0.0004 53.4349
0.0007 19.0057
0.0010 34.1123
0.0010 47.9868
0.0005 4.0568
0.0011 20.7455
0.0006 82.7277
0.0006 94.1528
0.0010 95.2443
0.0003 66.7464
0.0008 12.4280
0.0011 40.1289
0.0005 92.5821
0.0005 75.1925
0.0002 74.1723
0.0007 43.6887
0.0002 60.2106
0.0007 89.1457
0.0009 10.0293
0.0006 78.9227
0.0004 13.2504
0.0002 3.7226
0.0002 61.8915
0.0011 97.4968
0.0007 74.3128
0.0011 47.2185
0.0003 32.9805
0.0008 71.1988
0.0001 21.5859
0.0008 34.2230
0.0002 8.2305
0.0011 24.4121
100 2475.1448 51.8162
0.0007 98.7171
9999.9995 99.7868
9999.9994 4.2477
10000.0000 91.4553
0.0010 90.1356
0.0003 90.6994
0.0004 1.6525
9999.9995 97.1180
0.0006 97.6512
0.0005 3.9804
10000.0000 6.9880
9999.9998 7.6003
9999.9999 9.1525
9999.9998 6.0843
0.0005 2.3407
0.0003 94.2534
9999.9999 99.3335
9999.9997 96.2919
0.0005 96.6400
9999.9993 5.7417
0.0006 5.1145
0.0010 90.7680
0.0003 4.4164
0.0007 2.9674
0.0002 5.3255
9999.9998 94.9216
9999.9995 0.3178
0.0010 96.0754
9999.9993 95.7959
9999.9997 1.6585
9999.9995 91.7802
9999.9990 1.0520
0.0006 2.0620
9999.9993 9.6821
0.0009 3.8326
0.0002 91.3964
9999.9993 94.5620
9999.9995 98.8210
0.0005 90.2622
9999.9993 93.3735
9999.9994 90.7894
10000.0000 3.4054
9999.9999 97.8752
9999.9992 8.3030
9999.9995 99.0364
0.0003 4.0395
0.0004 1.9680
9999.9991 4.4558
0.0011 94.9533
0.0007 8.6469
0.0001 1.5624
0.0007 6.0290
0.0005 93.0123
0.0005 97.3177
9999.9999 1.9159
0.0011 91.7806
9999.9994 9.3418
9999.9996 95.4627
0.0010 7.8074
9999.9998 92.2226
9999.9994 94.7045
0.0011 7.5978
0.0008 90.8897
0.0008 97.8605
0.0005 4.1269
9999.9991 3.7132
0.0008 96.6770
0.0007 8.3269
0.0004 1.1817
9999.9993 6.8628
9999.9993 91.6266
9999.9996 92.5241
9999.9999 7.1889
0.0002 97.4304
9999.9996 4.4203
9999.9996 99.6246
0.0010 9.3149
0.0005 6.1212
0.0002 95.5046
9999.9991 0.1114
9999.9996 95.4324
0.0001 2.9239
0.0010 92.9181
0.0007 0.5695
0.0010 98.3219
9999.9995 3.8585
0.0006 97.7813
0.0007 91.5455
9999.9997 7.2870
9999.9998 94.2398
9999.9999 90.0813
9999.9992 0.4788
9999.9999 92.7880
9999.9991 96.3901
0.0002 7.8693
9999.9998 9.9882
0.0004 95.3697
0.0005 91.4050
0.0003 2.9555
9999.9993 90.9186
2 5.0000 99.9000
30.0000 99.8999
20.0000 99.7000
83 9999.9994 8.7068
9999.9998 5.6093
9999.9992 74.2025
9999.9995 12.0732
9999.9993 14.9781
9999.9997 5.9131
9999.9991 8.7068
9999.9998 11.7363
9999.9995 30.2572
10000.0000 68.0122
9999.9996 57.8205
9999.9995 56.4863
9999.9997 94.0609
9999.9993 13.8625
9999.9993 68.1914
9999.9998 87.6800
9999.9996 7.6897
10000.0000 27.4826
9999.9991 68.8157
9999.9997 96.1202
10000.0000 28.7369
9999.9993 6.2258
9999.9999 32.1668
9999.9995 40.9352
9999.9992 96.4890
9999.9992 64.5543
9999.9994 83.9803
9999.9999 40.1664
10000.0000 88.5801
9999.9996 19.5983
9999.9992 95.4185
9999.9992 98.5630
9999.9991 22.8357
9999.9996 68.0937
9999.9991 30.9603
9999.9992 64.9842
9999.9998 21.1194
9999.9995 40.4266
9999.9992 43.7689
9999.9992 98.0313
9999.9995 95.5353
9999.9991 76.3631
9999.9995 19.0176
9999.9999 43.2634
9999.9999 53.5185
9999.9992 62.1560
9999.9995 30.3314
9999.9997 83.3881
9999.9993 27.4112
9999.9992 86.8899
9999.9991 6.8759
9999.9991 91.2056
9999.9990 20.7347
9999.9991 1.4509
9999.9998 61.6761
9999.9997 84.0194
9999.9998 39.7168
10000.0000 14.9575
9999.9996 80.5511
9999.9992 49.2058
9999.9999 55.0441
9999.9996 25.3190
9999.9993 79.1371
9999.9996 3.2559
9999.9993 45.8004
9999.9992 49.3293
9999.9991 38.4344
9999.9998 29.5559
9999.9998 20.3231
9999.9994 9.2809
10000.0000 2.4899
9999.9993 72.2268
10000.0000 47.4006
9999.9993 24.8233
9999.9992 71.2078
9999.9994 88.0800
9999.9992 16.4107
9999.9993 65.7779
9999.9993 56.2487
9999.9995 38.9750
9999.9994 82.2785
9999.9992 3.9258
9999.9995 64.2919
9999.9994 76.4932
10 9999.9997 86.1930
9999.9997 20.9381
0.0008 26.8121
9999.9994 26.4986
9999.9992 81.4313
0.0007 86.1930
0.0009 43.4347
9999.9994 75.3226
0.0005 43.2661
9999.9996 76.3360
0.0011 8.1524
