100
2 100.0000 88.3983
99.9999 88.3984
0.0001 88.3983
2 99.9991 82.8524
0.0009 16.4322
19.4217 83.4023
2 84.1693 0.8535
81.5964 65.9354
72.0425 0.8546
2 0.0001 0.1000
0.0001 0.1001
0.0001 0.1002
2 0.0004 12.3629
0.0008 10.4358
0.0011 14.2900
2 59.1081 96.8236
85.9566 98.5488
45.9915 93.5993
2 99.9997 26.2399
99.9993 49.0514
100.0000 26.2399
2 5.1935 80.1609
70.1472 87.3143
38.7034 87.3143
2 0.0007 98.3911
99.9996 0.6656
0.0004 98.3911
2 0.0005 45.4353
99.9998 46.0419
0.0006 45.3840
2 0.0005 27.8407
99.9991 42.4046
0.0007 27.8070
2 99.9998 54.6080
0.0007 84.0380
99.9992 25.1781
2 99.9996 0.9816
0.0002 40.2368
0.0003 0.9816
2 99.4808 76.9326
99.9999 76.9326
100.0000 76.9326
2 30.0000 65.4321
0.0001 50.0000
100.0000 99.9000
2 100.0000 88.3984
99.9999 88.3984
0.0001 88.3983
2 0.0010 22.1978
99.9993 22.1978
99.9991 79.5049
1 38.3223 88.4022
45.4196 88.4032
2 0.0003 21.8691
99.9997 23.9466
91.6916 19.7916
2 71.9431 0.1000
93.4594 58.0618
68.1597 19.3862
2 99.9998 46.3225
0.0009 26.2518
0.0007 66.3932
2 99.9992 51.8547
0.0008 51.8547
0.0003 76.5521
2 0.0009 90.9252
0.0001 90.9245
0.0004 15.5344
2 99.9998 44.9488
0.0006 1.6677
99.9997 44.9488
2 5.0000 99.9000
30.0000 99.8999
20.0000 99.7000
2 0.0001 68.8638
0.0005 98.4721
95.1661 68.8638
2 0.0001 0.1001
0.0001 0.1000
0.0001 0.1003
2 0.0005 6.2046
99.9999 77.2004
0.0002 6.2046
2 96.7758 98.6866
100.0000 98.6876
0.0010 0.5514
2 99.9995 28.7422
80.3785 0.1692
99.9999 28.7422
2 99.9997 83.3618
99.9998 83.3618
0.0008 3.3042
2 0.0004 95.8067
0.0010 96.9198
0.0010 94.6937
2 99.9995 21.5776
0.0005 21.6492
99.9997 4.9614
2 99.9991 91.0046
99.9991 91.4815
99.9993 68.5481
2 0.0005 9.8533
0.0003 53.1037
0.0009 9.8394
2 0.0002 95.7136
99.9993 65.0074
0.0004 96.0652
2 0.0002 55.0075
0.0007 87.9382
99.9999 22.0769
2 99.9990 39.6139
0.0006 27.9375
0.0006 39.8876
2 99.9990 3.9456
13.5059 3.9456
99.9991 34.5141
2 65.7357 1.3144
93.0493 1.3144
37.8461 1.3144
2 100.0000 75.6127
70.0263 75.6127
27.0364 27.7990
2 0.0003 40.8828
99.9991 41.0857
0.0006 22.6075
2 0.0007 5.9257
0.0005 52.0374
0.0004 5.9257
2 99.9995 41.4109
99.9997 35.0277
97.5707 47.7942
2 99.9995 89.4149
99.9995 2.2811
99.9996 90.3102
2 0.0008 19.6263
99.9990 86.4333
99.9990 19.6030
2 0.0004 97.0650
0.0002 97.3975
0.0009 78.7731
2 99.9993 97.9491
85.3162 98.5671
0.0004 13.1638
2 0.0001 77.2831
0.0001 97.3911
0.0001 57.1751
2 99.9996 68.2383
99.9996 97.1404
0.0008 39.3363
2 0.0009 83.5524
99.9999 84.0437
99.9998 67.2388
2 99.9992 67.4669
99.9993 35.6977
99.9997 67.4669
2 99.9992 97.1129
0.0006 84.4867
99.9999 97.1129
2 99.9997 22.1705
0.0007 22.1431
0.0007 61.8676
2 99.9994 35.4541
100.0000 71.0729
0.0003 35.4541
2 99.9992 82.6612
0.0002 13.7433
99.9991 82.6612
2 99.9997 8.0170
68.6194 8.0170
0.0007 5.0828
2 74.5010 0.1000
17.0544 56.1588
4.4543 0.1000
2 99.9994 30.8059
0.0004 2.5329
0.0002 59.0790
2 99.9994 42.2093
99.9990 42.2093
99.9993 52.7855
2 58.5775 46.0749
0.0002 46.0749
0.0001 46.0749
2 0.0004 52.5447
81.3651 56.3112
99.9993 52.5447
2 0.0006 70.1097
99.9996 0.3294
99.9995 70.1097
2 100.0000 65.1587
99.9999 65.1586
0.0001 65.1587
2 1.8840 99.9000
33.5922 10.0023
26.0936 99.9000
2 87.7972 86.9031
62.0942 86.9024
69.1772 12.7785
2 99.9997 47.4841
0.0010 5.6121
0.0008 47.4841
2 0.0002 20.6564
0.0004 20.6564
0.0008 13.0588
2 0.0003 71.6558
99.9992 49.7054
99.9991 93.6062
1 10.0000 50.0000
0.2000 50.0000
2 99.9998 86.0660
0.0002 86.0660
0.0008 26.4210
2 0.0009 42.4016
0.0007 84.2183
0.0010 0.5849
2 48.4875 73.9876
100.0000 73.9876
99.9999 73.9876
1 41.0790 30.9164
72.1243 29.5385
2 0.0008 56.4067
99.9997 51.1327
99.9995 56.4067
2 99.9990 90.1252
0.0002 90.1252
0.0007 60.0218
2 99.9994 64.5751
99.9998 93.0168
12.9571 64.4921
2 0.0006 87.0363
0.0001 87.0374
0.0003 88.3076
2 99.9991 0.1187
100.0000 0.1187
99.9995 1.7035
2 0.0006 27.6025
99.9993 20.0281
99.9995 27.6562
2 0.0001 75.3771
0.0007 52.6689
0.0008 75.3771
2 99.9999 37.1179
99.9999 78.5227
0.0008 37.0727
1 12.8619 31.2513
18.7330 47.5056
1 14.5771 21.9947
79.0446 21.9947
2 99.9991 65.2704
99.9998 99.6310
99.9992 30.9099
2 0.0003 78.0341
0.0011 78.0341
99.9994 5.7371
2 100.0000 73.3013
28.7241 70.4509
28.1459 76.1516
2 74.5322 46.3526
36.0255 1.7489
17.7495 57.7723
2 99.9993 50.4611
95.7261 50.4611
100.0000 64.2000
2 99.9999 80.6146
0.0011 91.4144
0.0009 80.5076
2 99.9993 77.4607
0.0005 97.1013
0.0010 57.8200
2 0.0005 1.3749
99.9994 1.3749
99.9997 96.7948
1 57.8402 99.9000
32.2889 34.5169
2 0.0001 50.0941
51.7288 40.6403
85.4433 59.5480
2 0.0008 99.8220
99.9993 99.8220
92.2457 36.8854
2 0.0007 3.6209
99.9993 3.6163
99.9999 62.0593
2 99.9990 67.7816
64.7791 55.0162
0.0011 67.7816
2 6.5501 35.6530
53.9886 91.1834
85.6793 0.6620
2 99.9997 47.6186
99.9995 72.0929
99.9991 47.5558
2 100.0000 65.1586
99.9999 65.1586
0.0001 65.1587
