100
1000000 1414 0
990886 9984 0
332009 -577 237
999028 -9212 0
19914 -182 18
756694 2604 8682
1 0 2
649229 0 1140
70821 330 0
250279 708 0
976653 -1169 229
8 -4 0
256346 -10000 10000
523115 1022 0
1000000 -7616 0
12 0 0
864560 -10000 9088
128289 -22 420
12666 -90 68
353916 -217 623
20 -3 3
992035 1628 3372
600236 0 546
1000000 -1414 0
675817 -718 0
312598 -790 0
898086 2236 0
12 -2 2
652616 0 604
19 -3 3
695509 -127 1051
492395 992 0
959632 -882 502
990056 0 2788
997960 5584 0
987714 0 1406
871048 -1320 0
234017 -494 0
355745 0 844
63996 -177 181
1 1 3
997993 -347 11
1 0 0
173754 154 434
404551 900 0
332505 -626 0
90 0 14
97460 0 442
450078 -948 0
836631 1346 4664
418007 5400 9710
878311 -164 1160
376939 868 0
821120 0 1282
191462 9288 0
294649 472 296
599479 10000 8522
214822 54 600
71 -2 10
132229 -60 336
97458 83 357
6 -2 2
15247 8436 10000
279379 748 0
907819 2513 7805
151195 -104 446
619940 0 1114
9824 6 134
77104 0 2788
108385 218 248
503505 0 1004
482612 976 0
230117 0 7406
1000000 -282 0
125890 -255 247
277630 204 0
250284 622 86
385004 -878 0
854234 135 869
337869 -16 572
19 -6 0
66909 -182 0
13 2 2
997770 5712 0
357436 -846 0
720417 0 5502
28195 10000 10000
120444 490 0
147695 0 544
813548 0 1012
11 0 2
519761 -272 0
20 3 3
526234 0 0
745558 -8970 0
993170 6756 0
173255 4602 8938
218096 44 476
627622 1120 0
6 4 0
