100
20 6 0
17 6 0
11 0 4
11 4 0
19 3 3
8 4 0
1 0 2
14 0 4
1 0 2
19 0 6628
20 6 0
4 2 0
15 -6 0
1 0 6
11 1 1
15 -2 0
4 0 2
13 -4 0
3 -2 0
13 0 2
18 -2 0
20 4202 8350
2 -2 0
19 1 3
6 3 1
16 -5 1
15 9842 0
7 4 0
1 2 0
17 1 1
4 -1 1
11 2703 5591
11 -8120 0
2 2 0
7 1 3
3 -2 0
19 -6 0
13 -2 2
6 -2 2
17 -2 0
20 -2 0
5 0 4
3 -1 1
2 8022 8548
10 0 2
9 4516 5198
14 0 2678
5 0 4
20 0 0
9 0 2
16 2078 0
4 -1 1
19 -6 0
19 -3 1
17 -5 1
12 0 2
19 0 7054
14 3 1
11 -4 0
5 2 0
10 -3730 0
6 4 0
14 -1 3
13 2778 7928
12 0 4
7 0 0
1 1 1
14 0 4
19 5 1
1 -2 0
19 -1 3
6 2 2
11 1 3
16 2 2
17 2 0
19 -4 0
5 0 2
12 2 2
15 0 88
6 0 2
6 8138 234
14 0 0
13 2 2
18 2 0
20 0 4
1 0 0
8 -4 0
3 9507 5161
9 3 1
15 1 3
6 -4 0
17 -9382 0
20 4 2
16 2 2
9 4 0
3 0 0
20 -4 2
6 0 2
4 0 2658
9 6048 0
