20
81 91
25 55 63
14 42 68
19 36 19
42 55 58
63 73 39
66 78 47
36 39 35
36 42 10
32 59 12
38 49 83
13 27 99
7 48 67
52 77 64
3 4 15
24 54 13
18 56 30
41 73 78
16 44 62
18 28 47
22 33 94
50 62 31
1 37 28
35 71 50
12 80 63
46 60 45
9 76 13
41 51 42
13 63 10
11 62 67
33 42 96
27 66 64
23 46 99
49 76 57
3 72 59
34 74 45
33 59 28
11 58 74
34 38 88
10 56 74
8 36 14
23 42 77
43 59 42
13 16 54
34 71 23
27 53 29
65 75 93
40 76 59
16 81 51
22 59 72
24 31 52
43 57 45
23 71 87
32 57 12
31 50 72
60 79 59
49 79 93
24 25 35
19 28 3
31 35 32
12 79 6
40 49 68
3 5 100
20 25 81
12 21 21
45 57 45
22 69 27
67 77 63
33 65 22
27 73 6
43 51 7
15 74 53
13 25 82
70 78 46
36 62 21
5 63 62
32 44 100
6 64 63
41 66 98
21 41 33
4 79 57
8 11 29
14 38 86
1 65 20
73 74 61
11 52 7
21 36 15
1 6 67
15 66 78
54 64 37
52 81 97
46 65 7
35 100
28 33 72
9 20 23
13 29 23
21 26 7
11 28 94
2 16 19
1 5 95
15 34 10
12 17 93
10 31 9
2 7 17
9 24 48
20 21 39
6 11 23
4 21 51
15 21 88
7 26 76
5 17 1
1 19 26
16 23 92
2 9 71
8 18 98
13 33 84
26 31 5
16 28 93
12 32 77
19 28 95
4 32 97
16 21 69
11 21 79
15 31 67
21 35 85
9 30 68
3 10 84
17 32 30
5 33 93
10 30 46
28 34 95
3 30 75
3 16 19
7 29 25
9 15 29
23 33 73
7 19 79
11 34 49
14 24 13
8 12 97
14 24 96
7 17 50
9 10 98
9 13 36
1 2 80
22 28 46
15 23 12
13 20 70
2 24 86
6 33 39
3 14 39
19 21 91
8 25 99
2 4 60
10 13 65
16 20 74
11 20 71
12 29 59
9 12 58
3 9 62
9 32 90
3 27 57
9 16 74
2 32 60
11 27 98
12 25 15
14 24 14
25 30 14
2 23 39
9 20 28
18 32 92
17 28 3
14 28 38
30 32 59
9 24 46
10 21 97
7 26 24
3 12 24
6 33 50
3 5 86
4 17 98
9 33 52
6 17 9
2 30 64
14 19 8
24 26 59
7 34 14
7 30 88
26 30 33
4 8 44
3 23 65
9 20 62
1 9 76
80 67
31 78 71
52 74 42
23 35 82
19 49 94
20 23 87
2 44 52
18 50 59
44 78 38
6 17 59
7 48 48
13 21 71
3 41 77
50 67 100
59 80 60
12 61 42
2 50 4
2 42 33
62 71 22
53 72 11
33 68 33
57 63 9
33 37 7
67 75 17
28 65 9
18 45 24
49 74 32
2 59 51
20 57 42
4 79 6
8 35 75
45 71 34
13 34 9
5 23 58
5 34 15
37 78 85
34 78 18
5 14 52
55 72 26
2 7 42
24 30 42
12 14 37
19 73 32
14 46 90
22 36 69
4 16 15
2 24 95
9 46 54
8 31 40
19 25 34
11 55 22
9 59 6
19 47 2
37 51 25
27 53 14
15 38 22
29 38 29
10 50 92
48 50 61
16 45 43
15 80 77
2 69 64
34 54 36
37 75 43
31 33 66
25 43 9
15 35 13
40 54 97
6 2
1 3 1
3 6 1
74 25
6 59 77
1 42 90
6 49 72
46 49 56
24 60 47
16 67 27
11 33 65
53 64 91
35 40 49
36 70 88
20 58 14
10 44 41
8 35 56
45 70 3
55 66 84
34 46 45
26 33 7
41 65 22
11 70 39
26 72 12
5 26 94
44 52 85
24 64 36
33 58 62
19 54 4
100 100
1 81 91
10 55 53
18 58 66
43 99 60
43 68 38
13 60 39
42 75 51
12 54 84
19 83 71
49 63 86
44 74 21
46 72 67
27 79 42
1 78 30
24 84 39
5 51 26
45 89 59
50 92 87
27 78 82
41 56 55
13 58 49
28 97 37
39 88 56
18 93 46
21 76 95
28 96 57
29 63 76
26 85 21
34 84 54
14 60 89
3 70 74
38 74 9
32 84 81
35 84 4
29 90 58
3 64 36
1 91 48
22 79 83
37 84 37
12 78 3
18 79 48
24 52 73
38 75 79
14 67 21
31 51 2
35 87 77
38 93 8
38 79 41
5 67 18
14 55 71
45 81 39
10 52 94
35 63 3
8 79 84
34 72 81
23 63 33
27 83 91
30 58 23
6 83 93
22 77 86
40 54 83
39 52 36
24 68 23
18 75 46
35 67 68
50 62 4
2 59 67
39 100 83
21 65 63
50 86 69
12 66 27
48 55 19
1 97 29
37 93 1
36 82 99
2 58 22
42 72 54
19 61 72
35 68 73
45 100 3
13 60 16
25 63 33
43 73 54
44 79 98
20 70 99
6 87 47
36 97 5
8 68 81
17 91 31
5 84 37
23 76 67
20 82 55
37 63 86
40 77 70
15 59 39
46 74 42
43 83 34
17 86 78
36 60 56
10 95 35
10 2
1 7 2
6 9 1
2 100
1 2 99
1 2 20
1 2 49
1 2 89
1 2 6
1 2 31
1 2 51
1 2 15
1 2 52
1 2 40
1 2 13
1 2 69
1 2 77
1 2 6
1 2 13
1 2 16
1 2 38
1 2 93
1 2 10
1 2 64
1 2 46
1 2 63
1 2 11
1 2 54
1 2 97
1 2 51
1 2 24
1 2 72
1 2 56
1 2 20
1 2 2
1 2 69
1 2 11
1 2 7
1 2 15
1 2 75
1 2 25
1 2 4
1 2 84
1 2 32
1 2 1
1 2 15
1 2 31
1 2 85
1 2 69
1 2 96
1 2 50
1 2 14
1 2 9
1 2 75
1 2 31
1 2 15
1 2 88
1 2 18
1 2 65
1 2 71
1 2 93
1 2 16
1 2 73
1 2 18
1 2 73
1 2 56
1 2 89
1 2 83
1 2 41
1 2 1
1 2 4
1 2 76
1 2 21
1 2 89
1 2 24
1 2 89
1 2 100
1 2 88
1 2 85
1 2 27
1 2 77
1 2 36
1 2 74
1 2 22
1 2 23
1 2 22
1 2 38
1 2 55
1 2 61
1 2 83
1 2 80
1 2 26
1 2 83
1 2 55
1 2 46
1 2 61
1 2 91
1 2 57
1 2 43
1 2 54
1 2 16
1 2 71
1 2 42
1 2 2
73 50
28 57 45
4 68 60
65 66 69
23 36 60
22 60 18
25 68 47
6 46 31
18 35 66
42 53 99
10 29 33
37 65 39
49 69 96
33 46 75
36 67 82
35 66 68
31 68 55
51 73 36
11 48 52
26 73 20
24 29 8
17 72 75
42 54 65
21 40 73
8 9 52
7 19 88
38 42 56
39 57 55
36 65 53
14 16 52
5 54 61
37 43 66
34 61 66
24 26 16
47 68 6
37 49 5
15 60 82
30 69 29
11 50 11
45 55 88
26 38 86
26 56 25
55 59 96
6 70 99
16 52 53
9 26 34
30 45 9
5 37 56
5 24 66
4 55 60
39 63 69
30 17
13 30 68
8 24 15
2 17 100
8 14 2
9 19 95
17 20 52
2 9 81
20 27 27
20 24 10
15 30 36
15 21 61
2 27 53
2 19 22
2 30 100
14 19 38
7 21 96
6 28 72
100 100
54 70 35
55 96 53
34 48 75
51 54 19
60 70 93
15 35 61
60 100 95
13 50 75
27 42 10
10 41 71
55 63 93
56 90 76
20 27 67
25 28 64
5 42 33
30 46 50
15 41 89
6 34 63
82 100 17
21 35 11
1 31 97
96 99 62
51 94 57
26 36 96
25 32 75
84 95 60
13 17 8
81 84 17
9 17 79
68 85 82
18 30 75
8 13 58
63 65 57
3 40 13
72 100 22
18 37 40
24 45 38
87 96 87
61 99 90
72 80 83
85 90 67
75 89 34
71 91 85
56 57 90
69 93 95
58 67 85
28 41 77
76 78 26
62 81 42
10 27 42
3 40 91
82 84 91
59 88 98
44 50 96
79 94 81
23 50 54
40 47 27
16 36 85
59 63 83
14 18 47
55 58 69
51 99 95
59 71 74
67 76 50
62 99 19
82 89 84
53 77 98
6 50 92
55 63 78
94 96 19
31 46 65
16 38 7
8 14 42
27 43 37
15 17 59
39 49 67
62 76 72
6 30 6
26 50 70
10 13 41
57 75 28
88 96 18
54 82 43
62 100 53
26 33 10
3 29 35
72 100 13
14 35 62
11 46 58
17 19 24
17 37 2
67 84 72
81 98 40
7 24 22
7 35 85
66 85 13
13 27 65
87 96 53
59 75 83
28 47 80
14 58
1 9 53
5 14 18
8 10 62
11 12 59
8 11 60
1 12 92
1 13 21
11 13 48
13 14 7
3 10 1
7 12 32
3 14 8
3 7 92
6 12 31
1 4 89
6 8 88
1 8 18
9 10 76
9 12 99
1 9 72
2 13 89
4 6 32
6 13 42
1 6 86
6 14 25
3 5 55
3 8 20
1 7 48
4 6 91
5 9 96
2 13 68
9 10 64
4 11 53
8 13 94
7 12 75
2 6 83
6 8 87
6 10 43
10 13 74
5 8 28
5 9 34
1 6 13
1 10 52
6 12 13
5 12 79
6 11 91
4 7 39
6 13 9
2 5 29
4 5 68
2 14 86
11 13 63
3 6 86
3 6 38
5 6 23
6 7 39
5 9 19
1 10 94
79 83
39 64 77
10 33 66
31 67 8
29 77 45
44 69 72
38 50 91
32 38 26
5 16 55
23 51 29
42 43 93
28 79 52
34 50 95
45 74 36
36 42 95
49 77 47
41 73 79
8 66 88
9 76 66
25 77 18
4 7 32
28 44 39
9 48 93
23 51 11
28 29 74
30 35 3
40 55 17
21 34 97
39 52 52
13 35 22
44 73 100
10 55 28
7 45 38
44 77 50
11 79 77
18 56 37
4 22 93
35 68 95
57 73 71
36 70 32
36 38 79
3 52 16
4 7 41
21 51 5
51 75 31
1 19 90
28 55 4
6 31 31
1 4 19
51 73 89
17 62 12
47 73 5
2 39 96
25 38 56
72 77 55
13 76 34
34 76 23
30 64 64
24 51 8
15 74 21
61 79 35
1 79 59
18 73 64
50 51 47
8 21 72
6 26 43
28 62 12
33 67 7
5 19 80
31 39 89
22 63 16
11 34 47
4 40 99
40 50 87
39 70 84
11 37 72
26 66 60
25 54 9
42 46 17
9 32 38
61 79 63
26 64 49
24 43 33
35 77 44
60 75
4 49 23
5 26 15
22 43 85
7 10 9
5 9 49
13 26 75
30 32 17
21 52 27
1 30 63
8 59 4
30 49 33
21 60 7
19 51 46
6 39 10
6 37 23
35 50 21
9 38 76
9 22 72
7 58 3
30 41 15
12 18 7
19 47 35
42 49 21
1 25 70
38 60 4
14 56 17
56 57 31
41 51 24
11 24 71
18 38 9
3 40 54
23 52 15
22 43 20
30 60 71
29 37 99
16 20 43
6 60 68
49 60 23
8 16 55
4 50 62
34 43 95
2 55 82
13 55 90
35 58 72
27 28 4
14 44 78
15 50 79
15 27 56
38 56 76
13 54 92
24 54 52
36 60 12
3 46 24
2 56 29
28 56 5
16 41 96
3 4 30
15 46 40
39 53 90
12 23 88
26 38 19
33 48 49
14 37 85
37 57 39
5 60 59
11 51 25
18 42 63
31 47 42
33 45 20
20 41 39
4 30 98
3 59 16
43 47 3
19 40 31
56 60 58
6 2
1 3 2
4 6 1
59 34
22 32 14
9 40 79
9 17 96
22 41 71
20 37 39
10 13 48
38 47 39
2 42 79
4 54 38
12 46 83
15 17 52
26 54 42
14 23 64
18 45 33
36 37 33
4 26 25
45 54 15
35 37 65
25 28 63
9 22 83
16 46 60
27 38 77
39 56 17
3 23 30
9 31 64
7 31 9
24 57 35
14 49 26
16 22 43
2 56 37
10 57 37
36 58 69
16 43 36
3 49 53
100 100
76 81 72
17 40 99
15 71 67
34 58 69
11 90 84
31 72 3
85 96 77
51 82 24
17 90 70
7 100 83
13 75 3
59 66 15
52 88 54
33 47 36
64 79 14
51 71 28
14 81 71
29 78 7
27 89 30
2 30 9
26 49 62
8 11 23
34 69 30
27 56 32
27 88 94
25 37 53
81 95 27
63 92 26
12 98 74
18 61 10
31 41 88
3 86 38
71 99 26
74 78 56
46 82 49
46 86 16
6 80 26
18 57 63
35 83 59
79 92 16
12 69 30
59 93 44
74 98 50
78 97 66
7 19 29
27 58 67
13 40 53
29 65 88
11 87 44
77 87 55
16 92 99
15 87 51
82 91 19
47 94 76
87 95 21
27 43 32
57 85 27
24 37 36
6 74 23
57 94 73
35 57 29
76 81 37
43 51 27
12 68 10
13 67 13
91 95 34
14 85 10
30 45 53
48 96 2
6 46 9
22 24 15
15 18 18
69 81 49
40 47 76
12 18 31
88 96 79
33 81 50
13 56 19
41 93 21
63 89 26
36 82 29
27 31 85
7 75 5
25 63 56
6 31 100
33 80 92
66 91 80
26 64 66
3 80 1
64 83 48
34 84 85
3 44 69
70 88 20
75 96 40
45 62 44
69 79 34
84 96 68
59 98 9
7 82 79
8 65 49
56 1
37 53 46
40 42
1 36 53
39 40 79
10 17 53
2 8 67
7 22 89
17 25 55
8 35 46
4 22 68
11 27 79
8 12 12
7 14 36
23 29 67
7 24 47
7 28 36
5 18 24
5 40 33
6 30 80
30 37 94
9 18 22
1 16 14
4 40 54
13 22 11
11 29 43
30 31 5
2 39 4
19 28 74
21 39 42
9 17 48
15 17 17
20 33 49
34 39 65
27 34 73
21 32 14
22 23 51
33 40 14
35 36 59
16 21 79
24 35 97
4 19 83
15 26 70
10 30 94
33 38 9
82 9
10 57 91
21 68 60
10 51 49
72 73 85
51 67 17
1 62 43
7 65 69
57 77 95
13 72 58
