100
5
0 0
10 0
10 10
0 10
5 5
12
-674623 -288673
230702 -930381
891089 161632
-297860 478231
-345328 -237688
-182120 336605
271482 -529657
423333 776666
-624077 732091
363569 403536
-265279 -846968
883246 -719434
10
604050 302025
525750 262875
151049 -939249
-787262 -486043
82510 41255
-998440 -499220
-993778 -873987
-768425 -578429
-626600 -313300
537590 268795
8
1000000 913671
1000000 -863606
1000000 -432640
1000000 -109814
-988466 -623716
1000000 784469
1000000 -459016
1000000 -328012
15
-822220 543263
556725 543263
407036 543263
85117 543263
102304 543263
-612692 543263
-811381 543263
-848069 543263
-88453 543263
-436901 543263
-465984 543263
-843120 543263
-431714 543263
-934106 543263
-741749 543263
3
325139 169123
-431954 -160055
-522173 741695
15
475283 -268529
605156 961829
-830295 -705432
-131374 -510260
536350 -810241
962500 -838442
313976 976887
-990468 -624051
-119935 -686740
280676 -945124
-664522 -385203
374688 356963
853411 196376
39273 801939
-763628 671038
10
-161224 365926
-59008 29504
-369640 184820
-88124 936695
-720760 360380
-545656 272828
532987 963956
769464 -384732
-294815 208477
-23976 11988
15
-517767 570771
-440989 -181431
626193 -44626
360704 147604
-849681 -209704
-739394 -765370
-276808 442983
937178 679205
-404280 -339376
264592 287535
36783 -233763
-904844 487127
927210 -421082
-82839 841622
970561 -936324
15
277491 794977
723898 374662
516760 481524
115284 476501
-348439 326769
-15803 -143393
-466023 547973
712978 891319
105918 210364
681832 224898
-254461 -164484
-356205 -697066
446566 -382968
350114 841846
491312 926789
15
-388981 -1000000
919268 -1000000
-722199 -1000000
832133 -1000000
-608620 -1000000
-149989 -1000000
465160 -1000000
-589401 -1000000
220725 -1000000
757751 -1000000
797398 -1000000
328258 -1000000
-648287 -1000000
-646879 -1000000
-886695 -1000000
4
-100561 -1000000
-816564 -1000000
-305970 -1000000
711523 703726
5
928482 709010
627294 194307
201066 -868388
852436 74146
-429833 -932118
15
-720897 -298253
-508855 14674
19046 -846456
-507588 178181
-317775 32049
741898 210165
-563595 -376792
355567 281530
968601 -649686
-677615 -768771
-912664 644960
-68447 -584682
125066 -764657
249131 973236
-70679 606471
2
-356369 864139
408377 -972863
15
-127013 909212
-332413 -489842
-303773 -726059
-838999 -608723
773597 801754
-708576 -74938
126743 26812
896183 119495
-52919 862205
-262251 -402102
115993 -283713
-985214 442393
-346363 -335489
449647 857374
-258872 -432441
15
805250 691908
193552 -43699
-657817 152003
-39695 -243543
-333736 -25069
625316 -830684
757870 86124
-365556 -394253
-491578 -691596
270256 154282
-289557 22758
394861 -391398
-24748 452741
369772 172728
-613255 496722
1
101326 343683
15
141036 -70474
372079 137737
-767733 -589003
419595 777862
168178 860321
-331308 99228
-117171 -259003
-327878 -421695
956744 -876200
-963552 698816
-517091 -882259
395963 388776
-675767 529006
-703955 525293
-648171 191106
15
-342019 374013
-278831 423060
-900241 888149
-691560 189542
991547 -319900
-248858 -913101
929978 63351
-630314 973611
-534042 492308
176708 -833725
194603 -873205
-145973 54076
-19792 -28326
-927262 -826025
-951827 887274
14
619025 -1000000
35031 -606474
504619 -1000000
-245572 311697
177516 -1000000
-256030 -1000000
532578 -1000000
892395 -1000000
-683479 -835852
609623 -491279
-502097 479274
152217 229682
635415 -1000000
-861759 -430290
4
26434 947861
531555 625667
45838 -11709
794715 -756001
10
17208 -10755
141899 929515
-497204 900479
93855 783199
-633003 568693
906950 -415681
843037 833745
92488 -57805
-326282 384953
-120044 840253
15
568494 -478231
189492 -572601
196563 -731651
576678 -174575
970205 -62843
-599373 -214457
144135 521664
-174879 -969364
-248346 788740
596584 -625869
-18922 121335
468851 2626
-968815 -357174
-197392 -958477
-483577 356655
7
626820 125364
983215 196643
-130880 -26176
497085 99417
-375630 -75126
-836925 -167385
221800 44360
13
-887285 455457
184044 179807
281938 -868915
703582 429135
916430 772946
914646 -910781
-514055 581080
651652 -921362
624071 370535
657667 170793
-727105 -6285
811660 -247646
-300585 339654
14
801201 -593861
-815603 -405499
284751 943663
-832191 501459
333698 -90864
580936 -821032
-686459 -534329
825582 957667
942225 734901
-593152 151249
-497555 260866
1485 111635
-438494 487348
126767 344919
1
30247 -1000000
15
723845 -260549
167792 4872
694811 262803
369904 -250008
418873 553318
835396 446796
586494 -349658
-955336 -594514
360440 177414
155024 673070
417767 -323426
-635046 461648
-131011 -931171
603499 -992929
96409 250328
2
924756 677077
901881 -801394
1
-170799 -1000000
4
322295 -116959
87934 -607271
-618288 964155
335838 -88572
9
72939 361694
-664362 254310
-306421 254310
252280 718781
917691 949270
912818 553436
-172364 575814
-616986 346914
-578622 254310
2
-268039 448173
425048 637572
2
-246713 -404702
983127 -404702
15
697095 552755
-777173 -551452
-687113 24149
927163 386826
767511 36656
120576 195563
348034 192007
-894256 331052
894995 904933
-875320 790901
-319728 757449
-456607 -32370
890937 -519671
450226 535833
-46152 434032
12
157064 78532
22494 11247
500868 250434
-363460 -181730
19628 9814
-412466 -206233
-566206 -283103
-894144 -447072
-450150 -225075
52796 26398
159202 79601
-711772 -355886
11
429491 -871921
679579 747641
658897 -278156
-49241 909320
-49241 -761847
897893 791534
564441 139443
310016 -925281
-19835 584588
-49241 -696640
-49241 887406
15
562322 511251
465280 409047
-342621 -45831
191873 -249107
688944 317522
939211 -899752
18489 -520512
-793980 -418845
-748813 -298124
-491798 -765184
-556641 -831239
-570922 -988376
669469 -341514
770122 -675186
-571586 -415831
11
1000000 331523
1000000 763104
1000000 576936
1000000 994907
1000000 693998
1000000 101240
1000000 528546
1000000 545357
1000000 -717372
1000000 460213
1000000 -537740
15
-977069 269906
-463138 -11795
-140919 -882588
544098 -652130
283994 56950
43995 401542
-48343 29042
-74370 -277205
66725 237123
392093 799226
-904939 -478868
656155 177834
561570 198390
-532770 585378
-516701 462703
3
-429660 566080
-370247 322512
-284892 796234
9
-308775 -1000000
410757 118107
487152 -1000000
-416304 -1000000
-852280 -1000000
623140 -657672
-769790 -1000000
-305027 -1000000
-238144 -1000000
12
989069 451276
250260 -166840
-887315 717423
322221 -108554
766607 -10898
-80754 53836
611178 -407452
956552 414862
619359 -353450
-217746 145164
45640 439500
87162 -58108
6
-77746 -622648
109455 -945761
-944587 -327541
-928860 -820154
141868 -721340
526661 28634
3
607410 1000000
466875 1000000
-872999 1000000
13
421956 -879484
-581104 -879484
-906009 -879484
-839069 -879484
-389572 -879484
605580 -879484
-429484 -879484
-492242 -879484
-877466 -879484
430317 -879484
-326841 -879484
106783 -879484
-92956 -879484
15
-478099 -583110
216096 531336
-302712 -459530
-87350 297360
-355084 -51795
-462025 -961977
328453 812835
671688 -578588
-683032 667856
-136401 -625785
-109525 -32144
324423 180944
-948886 -95266
436316 359943
-885123 -16264
1
-526034 719793
15
-864539 862809
28391 474298
-832544 -415218
-701679 327632
410858 -415773
-2039 550339
297622 -731761
642579 55538
-296393 -188145
987751 16216
-525213 212055
-844673 -141932
-899073 -323416
534657 870271
565510 492370
15
1000000 -511505
1000000 -653202
1000000 -855864
1000000 574784
1000000 -443080
1000000 -63713
1000000 -404731
1000000 -652285
1000000 -16794
1000000 369235
1000000 146825
1000000 226296
1000000 846726
1000000 -167283
1000000 14712
12
-987328 1000000
-945953 308252
-179882 -288335
-180916 1000000
-704936 1000000
871465 -413580
-825694 326081
91921 1000000
486629 471611
976084 1000000
-770824 1000000
-630008 1000000
15
-112935 -966206
-971089 643547
131466 800279
-26333 -984585
431503 234262
-550778 -919362
-322860 185467
-456339 -114190
259477 876935
-914557 441054
-78797 -88701
768479 -674957
834544 9353
383366 -188765
376629 188864
8
-299151 132956
-639482 792594
-442098 196488
-413989 283092
955105 -67055
101622 395104
607446 -269976
919020 366152
3
683921 625514
52310 625514
-99346 625514
2
620352 664709
-811165 -950057
7
-582064 350077
200105 -873241
-644827 815136
684436 723704
-794752 336848
594048 -192921
324278 -902332
15
181560 -144793
-468193 -55358
-397445 77709
149885 -643593
-588272 843208
-180704 671417
-797781 830054
-878818 -854025
-660162 384801
337093 643396
472605 -290685
-554437 49344
272465 -522161
291767 40138
260815 -421590
15
-323803 571998
-554130 648379
130207 235422
-738698 -968104
606220 768943
-600148 -522055
-33418 -674926
-472945 -540180
-29149 -719761
-699680 918145
-395663 -867873
353498 324197
-601426 -520362
-985361 143545
-226730 -371931
14
789640 -394820
650864 -325432
569840 -284920
300608 -150304
-271840 135920
-476528 238264
-685888 342944
-978744 489372
-345728 172864
-573208 286604
-36584 18292
-591248 295624
-88712 44356
869904 -434952
5
884301 946542
742604 946542
650773 946542
128119 946542
783535 946542
15
-450583 280642
-581809 -436376
484796 411752
-264679 -549608
412741 705292
-451271 580364
-145629 -918911
-505410 410573
214815 485862
290 257761
973545 559835
7913 -758432
-583216 325250
-14939 -686095
866473 303424
11
888186 847861
659947 -233181
970800 -500863
81760 83794
-723397 269628
-329730 506368
691472 -294140
-445899 -840040
-129814 439002
-65558 704843
-250028 312132
3
1000000 472434
-998297 -793283
1000000 141927
10
-166677 71433
-598843 256647
-479759 205611
420084 -180036
-519344 222576
580461 -248769
260218 -111522
193627 -82983
-683844 293076
-854399 366171
11
976675 -251671
976675 -87965
976675 -991625
976675 756786
976675 416299
976675 -39240
976675 526410
976675 352784
976675 323031
976675 189373
976675 316668
15
176092 -24642
663421 550383
298604 -297515
878506 -439128
165506 -242077
617149 -819742
-450388 -63591
435499 87138
405581 -54415
577153 624343
150031 951911
-628867 -105906
-77351 -322117
767697 -543772
432662 -747597
11
613543 587671
24344 587671
499869 587671
-388762 -174253
-931014 -554538
660791 334890
-412842 587671
-617169 587671
-868375 412169
-71885 -714121
262767 587671
1
44592 481244
6
-756981 -689895
-417987 1000000
-453616 -622926
-612946 881185
926145 28857
-978758 -143256
11
-184256 -147912
-96380 -783825
-147429 -963577
-200441 -980179
117319 -462195
-438157 136243
363966 -235265
-8671 -122698
-176231 -866717
142023 -268964
330560 -693558
3
-439344 -310952
723225 111597
648576 111597
15
563119 296345
-746419 -830769
260963 -757939
-288221 -579816
-475239 931396
-200028 531997
331810 -634704
-714725 76608
-626186 -37203
-342607 505395
-856722 491988
894150 -138417
-723630 -472501
-190739 -903526
-39106 829192
15
-763421 -376433
508259 393594
189046 -754537
-293744 856405
460747 379036
222196 -120644
636114 180125
57976 885334
-672655 260298
31009 157624
-14510 103450
263954 499558
34621 994953
701507 940214
-397033 -164407
13
718470 -336375
935569 -878274
855547 206694
640511 411428
169305 -606403
-764007 785716
-375849 -660226
-845944 649712
-952940 413953
255863 -196318
422883 666973
-253195 -752528
-683235 237855
2
-179604 -598680
194877 649590
13
-234024 146265
276032 -172520
758064 -473790
-659960 412475
-169432 105895
-695168 434480
-808064 505040
-543640 339775
-246464 154040
-853592 533495
225760 -141100
149544 -93465
-990144 618840
8
710116 783175
325813 940518
-777024 259008
-436154 540090
-471638 832210
563137 -135669
11032 792891
607400 -79149
15
-320746 -38163
908211 -198926
498196 975762
814011 615888
-970702 -710203
-292293 379584
86589 -646290
-601726 -479748
-582280 816018
-325127 -951785
-546752 -774229
-298309 717268
-467130 102581
-250388 695605
220641 -682091
8
-511219 -209923
584060 58406
171120 17112
-688819 -935967
890621 -251110
-260531 -100685
743566 -232663
831562 -440131
15
233295 466590
-11955 -23910
400755 801510
-183405 -366810
-1345 -2690
438025 876050
-234565 -469130
-441755 -883510
419725 839450
369785 739570
-171280 -342560
-362285 -724570
291165 582330
397010 794020
478955 957910
2
488286 646603
-724630 -792611
11
-833596 -392968
691025 697415
821909 -641729
771422 34267
-261045 -916616
-186262 30764
466282 -233953
244185 309253
69136 -484404
-646462 -232493
-558597 779391
7
-241943 -760097
900634 737789
350338 868532
-630898 822055
-587582 -756927
983529 522303
866875 -763143
12
-719822 580299
772738 195677
180622 265407
657802 531078
279036 750937
126857 -22435
627586 91462
306000 963977
270870 -613778
728670 -427733
234626 33969
-808914 -994862
7
538065 -258993
-870667 -417816
-693624 -258993
950804 -344667
-512102 -258993
-320069 -258993
-874652 -258993
13
-764959 1000000
-558033 1000000
-93359 1000000
-164607 1000000
374075 1000000
-188609 1000000
-385328 1000000
171169 1000000
-183658 1000000
581659 1000000
-721682 1000000
-610236 1000000
-198049 1000000
10
829845 -977278
-13857 -977278
372524 -909779
-131227 -977278
-997247 771492
644591 614386
771115 415261
-595484 -19624
423190 -977278
720490 -977278
15
135718 -39879
380489 -748567
-341048 184303
87983 -885878
651155 -2675
836706 679328
641692 -243706
-563073 -39209
-579149 -591571
166362 -58288
283071 489772
399111 660493
325121 -669726
-255915 -909022
884817 813807
6
-451514 -578411
-200362 -358770
873212 -199206
-108140 731559
-389854 -338520
882347 -804769
8
774596 -1000000
551255 158288
-275134 -1000000
177153 -1000000
-267633 -1000000
930912 -206554
-473139 -1000000
-585501 -1000000
15
406832 -205195
36764 156001
360526 784795
-105774 382664
-786993 430962
95040 -595882
-974537 -358809
460704 -391778
77286 -87017
925930 -362577
975929 625782
-599290 549678
-265421 -926494
852098 -489323
-595934 -184039
12
-416706 166721
787271 904943
231555 -817506
525970 533237
-103166 -219851
602033 -262909
-21755 889886
669016 606469
930612 -165493
927328 493864
-904087 -743696
-933646 -507056
13
-436255 849915
261997 364121
-194180 -61783
409356 -311398
183086 -562893
-436255 891097
552655 681862
-205111 -119525
-436255 -614634
717355 519261
-436255 128723
-436255 -717773
992459 344423
2
-183424 183424
717816 -717816
15
508647 -568175
-148549 -821885
639581 -406021
-754904 725687
-659440 57642
-128232 910689
168094 -280242
597220 -307014
-802124 -51992
-998049 440953
394485 -998188
-967969 548212
-201900 -897593
-155180 -319147
478117 39921
6
-646739 -1000000
852569 -1000000
586518 -1000000
-607502 -1000000
990564 -1000000
958816 -1000000
15
-697690 306512
289333 323217
688823 -360857
-766049 600593
-919545 -762831
-885652 941628
832478 -4545
631613 752188
895859 896784
-901011 -414432
-149425 -793926
-918210 150420
359527 -947258
501238 -371367
-350533 -584247
11
-857004 -750368
-857004 -181893
-857004 106014
-857004 -906442
-857004 -206946
-857004 21873
-857004 449108
-857004 8126
-857004 -592497
-857004 -552459
-857004 152840
8
-135360 -676800
135560 677800
-890728 -283966
-26168 456056
148336 741680
-673386 -677461
-972360 -471889
-45782 -228910
