100
1 2
11
10
8 5
11000 10000 11111 10111 11010 11011 01001 01101
10101 11111 11110 10100 10010 10111 11100 11000
10 10
0111000001 1001101011 1111001000 0000110110 1100011110 1101010001 0110101011 0010100110 0000110100 1011011101
0001001110 0100101001 1011011110 1001000111 0000100100 1010010001 0110111001 1111100100 0110111011 1101010010
10 10
1001110100 0110000100 1010110010 0000011011 0000101111 0101101100 1011110101 1111001001 0101000011 1110011010
1111011011 0101010001 0011101100 0100000010 1010110111 0001101101 1010000011 1111110100 0000101010 1100011100
10 10
1111011011 0011111001 0000011100 0101000100 1111000011 1100110011 1110100100 0000101110 1000010010 0011101101
0000111010 0000001000 0101010000 1000000110 1111001111 1100100111 1111010111 1110110000 0011111001 0011101101
10 10
0110011010 1000010100 0001010001 0011101101 1011110010 0000100111 1101010110 1110101100 1101001011 0110101001
1001100110 0101100001 0000100011 1110101101 1000010000 1011011010 1110011110 0110011011 0011000101 0101111100
2 5
11000 00000
00110 11110
10 10
1000011111 0110111000 0001111001 1011110100 0110000011 1101101011 1011000110 0100101000 1000010111 0111000100
1100100111 0001011001 1101011011 1110110111 0010000000 1100011100 1011100110 0111110100 0001101011 0010001000
6 10
0101011001 1011001011 1011101110 0101111100 1010100011 0100110001
0100111101 0101010101 1011000111 1010101111 0101110000 1011100010
2 7
0010100 0001000
0110100 0101000
10 10
1100110111 0011100001 0001111001 0111001111 1011100010 1010110010 1100001010 1100011100 0010011100 0101000101
0110000110 1001010000 1101111110 0110111011 0110101101 0000000011 1011001000 0001010011 1000101101 1111110100
6 10
0111001110 1010000101 0011101011 1000110101 0000110100 0100111000
1100011011 0001010000 1000111110 0011100000 1011100001 1111101101
4 9
110000100 101010010 001000100 101000100
101000100 010000100 001010010 001000100
10 10
0110100101 1111001101 0011001001 0101110110 1000111010 1100101010 0100010010 1011010011 0011111101 1000000100
1111101101 1011110011 0011101001 1100001010 0011011101 0101010110 1000100100 0110000101 0100110010 1000011010
10 10
0010001001 1011110110 0000011101 0110001111 1001100000 1111010111 0100101000 0100111101 1101100010 1011010010
0010000010 1011001000 1101101001 1011011101 1001101111 0000110111 0100010110 0100110010 1111111101 0110000000
4 4
0111 0010 1101 0000
1111 1000 0100 1101
4 7
1000101 0011111 1011111 0000101
1011111 0011111 0000101 1000101
10 10
0101101011 0101111100 0001111001 1101100101 1010000111 0011010010 1110101000 1010011110 0000000111 1110010000
1101110101 1110100000 0100100000 0000110111 0100111001 0011000010 0000001111 1011011011 1011001100 1111011110
9 6
010000 011011 101011 000100 000101 110101 010001 001001 111111
000011 011011 010100 000001 100111 101100 111011 001001 101101
2 4
0100 1100
1001 0001
10 10
1101011110 0110011101 0111110010 0001010110 1011111000 1100100111 1000001101 1010101001 0010100010 0101000001
1001011001 1010000101 1101100110 0111001001 0010011010 0011100011 0101101101 1000110110 1110010010 0100111100
10 10
1000100000 0101101110 1011111001 0101000011 1000010010 0110011110 0011011101 0011100101 1110100111 1100011000
0001011110 1001100111 0100100101 1100111001 0010101110 1111010010 0100011101 1111100000 0010000011 1011011000
10 10
1100010110 1001010010 0110101011 0011010100 1111101110 0010111101 1001001000 0100101011 0011000101 1100110001
1100001110 0111100001 1000011000 1101100111 0010000010 0010100101 1010011000 0111111011 0001011101 1101110110
1 6
011000
011001
4 8
00001100 11100110 00011001 11110011
00011001 11100110 00001100 11110011
2 6
101111 000000
101100 101110
6 9
001011001 100010110 101011101 011111101 010110110 000010010
100100110 001101001 010000110 101101101 011001101 000100010
10 10
0011001010 1111000001 0110110101 0011111001 1000100110 0000100011 0111011010 1101110101 1100011110 1000001100
1010111100 1111000101 0101101010 0100000101 0001001001 0001111010 1110101110 1101110001 1010010110 0010010011
2 5
11001 01010
10111 00100
10 9
001110001 010101110 101110001 110001100 110010110 010010110 110101110 011001011 010001100 111001011
010111100 000000110 011011001 011111011 111100001 100000110 111011001 011100001 111111011 110111100
9 8
01111110 01111111 00010011 10111011 01010011 01011101 01000111 00001111 01000110
11010100 00111100 00110010 00101000 01111100 00010001 00010000 01100000 00101001
10 10
0010000000 0110001000 0111101011 1100111011 0011010101 1100000110 1111101101 1001111110 1000010011 0001110100
0101000111 1010010100 0001010010 0000111111 1110101010 1111001001 1000110101 0101111010 1011000001 0110101100
9 8
11000010 00100100 00011110 01000110 01111010 10001000 11010101 10001100 11001000
10010101 01100100 11001000 01011110 00000110 11001100 10001000 10000010 00111010
7 8
10111011 01100101 01010110 10111111 10101111 00111011 10110011
10111010 01110000 01101100 01100000 01100100 10001001 11100100
10 10
1001011001 0110010111 1000011110 1111100101 0111011111 0011100000 1110101101 1001111000 0100000010 0000100010
1110001100 0000000101 1111001011 0110110000 0010010000 1111101010 1001110111 0001001101 0101110010 1000111111
6 6
000000 100001 110000 111100 101000 001000
011110 010110 001010 001000 111110 001110
1 4
0101
1011
10 10
1000011111 1000101110 0000111010 0100011110 0111001001 0111010000 0101100001 1111100100 1011110101 1010000011
1000101000 1101001111 1111100010 1111010011 0000011100 0111110110 0000000101 0011010010 0010101101 1100111001
7 6
001110 111010 010110 101101 011110 100101 011100
001100 100111 011100 010100 101111 111000 011110
5 7
1100010 0111110 1111110 0101111 1101110
0000100 0001000 0011000 1011000 1001001
4 9
011111010 100110011 001110111 011001010
110111100 001000101 011111000 001110101
6 4
1111 1100 1011 1000 0011 0111
0110 0101 1101 0001 0010 1001
1 8
11100010
10111101
4 9
010100101 111010110 110000100 001110111
111011010 000101001 110001000 011111011
4 4
1010 1011 0011 0111
1000 0100 1001 0000
4 3
101 011 100 010
101 011 100 010
10 10
1011010111 0100111110 0110110100 0001111000 1011101111 0110101000 1001000101 1100000010 1000011001 0111000011
1100101001 1111100111 0010011000 1111011111 1000110010 0011110011 0000001110 1101110101 0010000100 0101001000
4 8
10110101 11010110 01001010 00101001
11010110 00101001 01001010 10110101
3 7
0000011 1011100 0101101
0110000 1100100 0000100
10 10
1001011010 0111001101 0001010110 1101100111 1110101110 0000111000 1010010001 0110110011 0111101100 1000000001
1011010011 1010001100 1100000111 0100111110 0110101110 0101100101 0001011000 1011110010 0010010001 1101101001
10 10
1001011000 0001111011 0110110111 0110000101 1111000101 1001111000 1000011110 0010101000 1111000111 0100100010
0001010000 1011100110 0000010110 0000110110 1111111001 0110001001 1111001011 1000110101 0110001011 1101101100
10 6
111110 000111 101101 111000 010101 110011 111010 011110 100101 001001
100000 001010 110111 000100 010011 111110 101000 110011 011000 110101
1 10
1010010000
0101101101
10 10
0000011110 0011101010 0111010100 1000110111 1100000111 1010010000 1101101001 0000001111 0111101001 1111110000
0110110010 1010101011 1100111100 0001111000 0110100011 1001011100 1011000101 1110011011 0101000110 0001000101
10 10
0110111101 0111100010 1001010001 1100010110 0100100011 0100010000 1010101101 0001011110 1011101001 1011001110
1110110010 0010111001 0010011110 0011111101 1000001110 1111101101 0000000001 0101000110 1101000000 1101110011
2 8
01111111 10011101
00000101 01101111
9 6
101010 000000 001000 001010 100111 001001 111111 111101 011110
111110 001011 001000 100110 000001 111100 011111 001001 101011
10 10
0000001100 1000100100 1001011001 1101001111 1111100011 1011110110 0000111011 0110010001 0110001010 0111110100
0111101010 0011111111 1110000011 0000101101 1111111101 0101000110 0001010000 1000110010 1000000101 1110011000
10 10
1010011100 0111101000 1100111110 1001110011 0110101111 0101000000 1100000101 0001010010 0011000011 1010111101
1101010111 0101110110 0001100100 1000011010 1110011001 1000100001 1110111000 0111100111 0010001011 0011001100
9 7
1010001 1000001 0011011 0100100 0111110 1101110 0000000 1001100 0010000
1101100 0100000 0110000 0011110 0000100 1001110 1100001 0111011 1110001
10 10
1011100110 1111010000 1111001100 0001010011 0110110110 0010001111 1000101001 1100110100 0101011011 0000101001
1001000011 0111011100 1001011111 1110100110 0110100110 0000111001 1010111011 1101101001 0100000000 0011010100
7 6
001000 011010 110110 011101 110011 010011 010000
000000 111100 000011 101001 101111 001111 111010
8 7
0010000 0000100 0011110 1011110 1010000 1001101 0001101 1000100
1110111 0110111 0101101 1101101 1111110 0100011 1100011 0111110
3 7
0110110 1010010 1001000
1001111 0001000 0100001
1 4
1100
1111
4 8
11000101 01000110 11000001 11110110
01111010 01111001 10001001 11110000
2 5
01010 00100
00100 01010
10 10
0110001011 1011011100 0110111011 0011000010 0101000111 1100011100 1101100100 1011111100 1000100001 0000110011
1100000100 1010000001 1001111101 1001001101 0010100010 0111100111 0100111010 0100011010 0011011010 1111110101
10 10
0011110010 0001111111 1011010011 1100101000 1111011101 1000000000 0110000101 0110101111 1000010110 0101101000
0111011001 0100001010 1100101011 0011110001 1001110110 0111001111 1110100110 0000000100 1010110001 1001011100
10 10
1100000101 0101011000 0001001111 1000110001 1010111001 0111000101 1010011010 1111111110 0011100010 0100100110
1010000001 0110010110 1101001110 0011111111 0111101000 1000101010 1110110101 0101110101 1000001001 0001010010
10 10
0010111101 1001001011 1101000101 1010011011 0001100100 0100111100 0101100000 1111010010 1110110110 0010001011
0100010001 1011101010 0001011000 1111101110 0111000001 0000111100 1010110110 1100110111 0011001111 1100000001
10 10
0110110100 0011000111 1111001000 1100101110 1100111001 0110010001 0001010110 1001101111 1000010010 0011101001
0010101101 1110100010 1110001100 0100001010 1100110011 0001011100 1011010001 0101110111 0001001011 1011110100
10 10
0100100000 1111011111 1011011010 0001110011 0000110100 1111001000 0000001100 0001111111 1110100011 1110000101
1111011010 1111111100 0001110101 0000000110 1010100011 0000001010 0101011001 1110100110 1110110001 0001001101
10 10
0001010111 0110011010 1101000111 1011001001 0000111100 1110101110 1011110101 0101100001 0110110000 1000001010
1001111011 1111110111 1001010001 0100111110 0010001100 1110011100 0100000010 0111000001 1010101010 0001100101
10 10
0111010011 0110101111 1110001110 1000010010 1110111100 0001010001 0100100100 1001101000 1001100011 0011011101
1111110001 1000100101 0111001000 0010111101 0000110110 0101000100 1110001011 1111111010 1000010111 0001001010
6 8
01011100 00100110 01111110 10101101 11000100 10011100
10100001 10011001 10101110 11100100 00000000 11000000
10 6
100100 110010 110000 110100 100001 000111 001000 101011 010000 011110
100001 000001 010101 011010 111001 010000 101111 110110 000101 000011
1 5
00100
00001
8 9
010110001 000100011 110011111 110100010 101000110 010101000 100000011 011110110
101010110 100010011 110001111 011100110 110110010 010111000 000110011 010100001
10 10
0100101010 0001110010 1000110101 0001001001 1110000111 0010001001 0111100110 1101011101 1010110100 1111011010
0100000110 0001101110 0111011100 1110111101 1101110001 1011010010 0110000001 1000010010 1000101001 0011101111
2 6
110111 110001
100111 100001
10 10
1011100000 0100010010 1000100000 1010011110 0111001000 1001111101 0011110101 1110011111 0100000111 0101101011
1001101111 0100111001 1010110101 0111011010 0101000111 1010100000 1101010010 1011001100 0000111000 0110000111
6 7
0110010 0100101 0011110 1111010 0110011 1110010
1001101 0010010 0101001 0000100 0000101 1000101
6 8
10101010 01100011 11110011 00100101 00000110 11100111
00000001 00000111 10011110 01001000 00000101 00100000
4 6
001110 010101 001010 010001
001010 010101 010001 001110
10 10
1001101101 0100011011 1010000000 0011111001 0111010001 0000100010 1100101110 0011011101 1100100110 1111010110
1101011111 0001110000 0100100110 0111001011 0010000000 1010111101 1001110111 0010001000 1101111011 1110000100
2 7
1010001 0001010
1010001 0001010
10 10
0000100111 1011101010 1110010011 1101000101 1011111000 0001001000 0100111111 0100010010 1011001100 0110110101
1011100101 0000010101 1101001010 0010011111 0111101000 1101101100 1101011000 0010110010 1000110011 0110000111
5 6
110001 001101 110011 000110 011011
111110 111000 000100 100011 011110
10 10
1100101010 0101011101 1111010000 1001100110 0101010110 1010011011 0000111001 0011000100 0110101101 1010100011
1111011011 1100100001 1001010010 0011001000 1001101010 0000110101 0110101100 0101011100 1010010111 0110100111
2 3
111 110
001 000
7 10
0001110000 0111100001 0000101101 0001101000 0101100101 1100101100 1010111100
1101010010 0011100110 0000111010 1000101000 1000111000 0100111001 0001100101
2 5
10000 01110
00001 00111
4 8
01001111 01000111 10011110 01100101
11101001 00010010 11000011 11001011
10 10
1100100111 0000000100 0011101101 1110100000 0111011100 1010011011 0001110011 1011000110 0100011000 1101111011
0110110100 1011111001 1111001000 0101101111 0100110011 0011010010 1000010000 1001100111 0010001111 1100001100
4 7
1001001 1101111 0100001 1011000
1010111 0101110 1100000 1000110
8 10
0010001010 0011010010 0001111111 0001101110 0111110110 1001100001 1011110101 0000000010
1000111100 0101011001 0100101000 1100000110 0011010101 1111001001 0111110111 1101110010
2 3
010 110
010 110
10 10
0111100111 0000111110 1111011001 0100001010 0110100000 0110010101 1011001001 1001100110 1001110011 1000011100
0110111000 0000010010 1001011110 1111110101 0100000010 1000101100 1011000001 1001101011 0110101101 0111010111
8 6
101001 001010 100001 011100 000110 000011 111101 101111
100101 001110 000111 101101 011000 111001 101011 000010
