100
496.56123 1.37518 1974.55084
55.52152 2.51164 1434.64739
497.74422 1.19060 1970.36683
495.08682 1.23808 1925.31876
69.90787 3.55400 1109.99734
190.0 4.0 1496.0
35.65124 1.0 392.14281
497.53728 1.32409 1946.31467
349.13085 3.95045 1701.94903
490.76883 1.18741 1973.26365
339.0 4.0 1178.0
496.23843 1.07350 1947.01311
492.40535 1.44816 1951.89396
281.0 1.3 1391.0
168.0 3.103 126.0
496.10570 1.38253 1944.64724
326.05993 3.72749 870.62805
490.77494 1.35391 1945.32756
128.0 2.90 2000.000
1.05650 3.77316 1999.15111
494.45869 1.44878 1953.18463
198.22070 1.08316 1518.54340
18.90709 3.67408 942.95452
375.20718 3.48868 439.09308
373.14373 3.96498 1090.90047
106.950 4.000 708.1395
498.51545 1.19462 1965.54619
498.75222 1.09434 1982.28374
20.63612 3.941 82.1
457.00017 1.89438 919.55474
418.00000 3.00000 427.00000
493.47842 1.17108 1978.06134
387.0 1.7 1066.91505
83.00000 2.00000 166.00000
48.86745 1.28690 1957.68921
497.60706 1.46874 1944.82769
158.0 4.0 1380.0
493.19761 1.48519 1992.94306
102.00000 2.00000 204.00000
257.0 1.0 888.0
493.68417 1.33231 1924.03354
234.0 2.969 1202.2
497.21358 1.14392 1973.46755
392.00000 3.00000 405.00000
1.01632 3.94008 1999.69958
261.8 3.0 222.0
498.95908 1.13533 1997.75514
236.2988 1.1800 399.81411
493.86656 1.07929 1913.62401
1.02269 3.04965 1999.50948
131.73 1.0 1381.0
490.59313 1.31531 1928.48785
490.35305 1.43217 1940.80405
332.0 1.0 1468.0
299.6 3.0 1.0
291.0 4.0 159.0
220.53674 3.56508 1818.25989
183.95369 3.51311 1435.34201
300.00000 2.00000 600.00000
496.33230 1.04528 1965.83076
492.04350 1.20833 1941.31058
490.0 4.0 53.0
18.0 3.0 237.0
93.72501 2.89720 1842.86692
496.74854 1.47725 1961.47239
60.7074 3.0 1733.4
491.05291 1.46870 1983.45852
495.55585 1.27886 1959.12945
498.37321 1.04803 1930.91225
495.72413 1.31354 1967.70590
215.85662 3.479 813.4110
121.11611 2.10906 116.71516
303.49539 1.71920 1181.16997
495.25451 1.00901 1935.85362
148.31675 2.55625 1191.27172
149.63 4.0 1729.59
495.10284 1.18422 1972.18221
471.00000 3.00000 473.00000
190.81638 1.34007 1753.40584
311.00000 2.00000 330.00000
98.0 2.0 1961.0
366.84800 1.24899 701.65670
129.49349 2.08088 6.52624
1.42259 3.71681 2.82673
1.02571 3.01008 1999.70518
491.55693 1.26654 1918.92018
287.0 3.0 1324.0
500.00000 2.79615 340.034
341.18184 1.0 582.54958
436.0 1.0 1226.0
383.0 1.0 459.0
495.67492 1.01619 1955.50655
495.35271 1.24062 1931.46274
1.0000 1.29378 1928.0
89.35376 3.62671 1768.72417
168.0 3.0 844.0
291.64353 2.6046 567.14479
496.79384 1.34504 1981.79810
490.52306 1.10258 1922.61067
387.00000 2.00000 774.00000
